group,function,value,throughput_num,throughput_type,sample_measured_value,unit,iteration_count
bench_medium_complex_query,diesel_queryable_by_name,10,,,1081669.0,ns,79
bench_medium_complex_query,diesel_queryable_by_name,10,,,2022976.0,ns,158
bench_medium_complex_query,diesel_queryable_by_name,10,,,3061504.0,ns,237
bench_medium_complex_query,diesel_queryable_by_name,10,,,4044760.0,ns,316
bench_medium_complex_query,diesel_queryable_by_name,10,,,5037101.0,ns,395
bench_medium_complex_query,diesel_queryable_by_name,10,,,6077473.0,ns,474
bench_medium_complex_query,diesel_queryable_by_name,10,,,7089543.0,ns,553
bench_medium_complex_query,diesel_queryable_by_name,10,,,8102142.0,ns,632
bench_medium_complex_query,diesel_queryable_by_name,10,,,9038029.0,ns,711
bench_medium_complex_query,diesel_queryable_by_name,10,,,10042935.0,ns,790
bench_medium_complex_query,diesel_queryable_by_name,10,,,11034866.0,ns,869
bench_medium_complex_query,diesel_queryable_by_name,10,,,12141171.0,ns,948
bench_medium_complex_query,diesel_queryable_by_name,10,,,13066728.0,ns,1027
bench_medium_complex_query,diesel_queryable_by_name,10,,,14118872.0,ns,1106
bench_medium_complex_query,diesel_queryable_by_name,10,,,15125992.0,ns,1185
bench_medium_complex_query,diesel_queryable_by_name,10,,,16181982.0,ns,1264
bench_medium_complex_query,diesel_queryable_by_name,10,,,17085208.0,ns,1343
bench_medium_complex_query,diesel_queryable_by_name,10,,,18073193.0,ns,1422
bench_medium_complex_query,diesel_queryable_by_name,10,,,19056348.0,ns,1501
bench_medium_complex_query,diesel_queryable_by_name,10,,,20151271.0,ns,1580
bench_medium_complex_query,diesel_queryable_by_name,10,,,21037135.0,ns,1659
bench_medium_complex_query,diesel_queryable_by_name,10,,,22076043.0,ns,1738
bench_medium_complex_query,diesel_queryable_by_name,10,,,23238914.0,ns,1817
bench_medium_complex_query,diesel_queryable_by_name,10,,,24058574.0,ns,1896
bench_medium_complex_query,diesel_queryable_by_name,10,,,25170660.0,ns,1975
bench_medium_complex_query,diesel_queryable_by_name,10,,,26177379.0,ns,2054
bench_medium_complex_query,diesel_queryable_by_name,10,,,27098708.0,ns,2133
bench_medium_complex_query,diesel_queryable_by_name,10,,,28252973.0,ns,2212
bench_medium_complex_query,diesel_queryable_by_name,10,,,29215980.0,ns,2291
bench_medium_complex_query,diesel_queryable_by_name,10,,,30070855.0,ns,2370
bench_medium_complex_query,diesel_queryable_by_name,10,,,31179284.0,ns,2449
bench_medium_complex_query,diesel_queryable_by_name,10,,,32103089.0,ns,2528
bench_medium_complex_query,diesel_queryable_by_name,10,,,33124585.0,ns,2607
bench_medium_complex_query,diesel_queryable_by_name,10,,,34090659.0,ns,2686
bench_medium_complex_query,diesel_queryable_by_name,10,,,35107957.0,ns,2765
bench_medium_complex_query,diesel_queryable_by_name,10,,,36212097.0,ns,2844
bench_medium_complex_query,diesel_queryable_by_name,10,,,37132245.0,ns,2923
bench_medium_complex_query,diesel_queryable_by_name,10,,,38081968.0,ns,3002
bench_medium_complex_query,diesel_queryable_by_name,10,,,39226904.0,ns,3081
bench_medium_complex_query,diesel_queryable_by_name,10,,,40535087.0,ns,3160
bench_medium_complex_query,diesel_queryable_by_name,10,,,41215246.0,ns,3239
bench_medium_complex_query,diesel_queryable_by_name,10,,,42251139.0,ns,3318
bench_medium_complex_query,diesel_queryable_by_name,10,,,43480313.0,ns,3397
bench_medium_complex_query,diesel_queryable_by_name,10,,,44225113.0,ns,3476
bench_medium_complex_query,diesel_queryable_by_name,10,,,45217375.0,ns,3555
bench_medium_complex_query,diesel_queryable_by_name,10,,,46081408.0,ns,3634
bench_medium_complex_query,diesel_queryable_by_name,10,,,47202961.0,ns,3713
bench_medium_complex_query,diesel_queryable_by_name,10,,,48118450.0,ns,3792
bench_medium_complex_query,diesel_queryable_by_name,10,,,48941355.0,ns,3871
bench_medium_complex_query,diesel_queryable_by_name,10,,,50175970.0,ns,3950
bench_medium_complex_query,diesel_queryable_by_name,10,,,51133187.0,ns,4029
bench_medium_complex_query,diesel_queryable_by_name,10,,,52408848.0,ns,4108
bench_medium_complex_query,diesel_queryable_by_name,10,,,52870099.0,ns,4187
bench_medium_complex_query,diesel_queryable_by_name,10,,,54296251.0,ns,4266
bench_medium_complex_query,diesel_queryable_by_name,10,,,54928050.0,ns,4345
bench_medium_complex_query,diesel_queryable_by_name,10,,,56158756.0,ns,4424
bench_medium_complex_query,diesel_queryable_by_name,10,,,56852361.0,ns,4503
bench_medium_complex_query,diesel_queryable_by_name,10,,,58353944.0,ns,4582
bench_medium_complex_query,diesel_queryable_by_name,10,,,59326800.0,ns,4661
bench_medium_complex_query,diesel_queryable_by_name,10,,,60363565.0,ns,4740
bench_medium_complex_query,diesel_queryable_by_name,10,,,61307146.0,ns,4819
bench_medium_complex_query,diesel_queryable_by_name,10,,,62217706.0,ns,4898
bench_medium_complex_query,diesel_queryable_by_name,10,,,63577464.0,ns,4977
bench_medium_complex_query,diesel_queryable_by_name,10,,,64205285.0,ns,5056
bench_medium_complex_query,diesel_queryable_by_name,10,,,65453425.0,ns,5135
bench_medium_complex_query,diesel_queryable_by_name,10,,,66211129.0,ns,5214
bench_medium_complex_query,diesel_queryable_by_name,10,,,67328093.0,ns,5293
bench_medium_complex_query,diesel_queryable_by_name,10,,,68389845.0,ns,5372
bench_medium_complex_query,diesel_queryable_by_name,10,,,69423255.0,ns,5451
bench_medium_complex_query,diesel_queryable_by_name,10,,,69920693.0,ns,5530
bench_medium_complex_query,diesel_queryable_by_name,10,,,71178540.0,ns,5609
bench_medium_complex_query,diesel_queryable_by_name,10,,,71863950.0,ns,5688
bench_medium_complex_query,diesel_queryable_by_name,10,,,72989239.0,ns,5767
bench_medium_complex_query,diesel_queryable_by_name,10,,,74557807.0,ns,5846
bench_medium_complex_query,diesel_queryable_by_name,10,,,75182053.0,ns,5925
bench_medium_complex_query,diesel_queryable_by_name,10,,,79503899.0,ns,6004
bench_medium_complex_query,diesel_queryable_by_name,10,,,77226078.0,ns,6083
bench_medium_complex_query,diesel_queryable_by_name,10,,,78365204.0,ns,6162
bench_medium_complex_query,diesel_queryable_by_name,10,,,79409513.0,ns,6241
bench_medium_complex_query,diesel_queryable_by_name,10,,,80407085.0,ns,6320
bench_medium_complex_query,diesel_queryable_by_name,10,,,81478134.0,ns,6399
bench_medium_complex_query,diesel_queryable_by_name,10,,,82673738.0,ns,6478
bench_medium_complex_query,diesel_queryable_by_name,10,,,84032943.0,ns,6557
bench_medium_complex_query,diesel_queryable_by_name,10,,,84257302.0,ns,6636
bench_medium_complex_query,diesel_queryable_by_name,10,,,85318441.0,ns,6715
bench_medium_complex_query,diesel_queryable_by_name,10,,,96368194.0,ns,6794
bench_medium_complex_query,diesel_queryable_by_name,10,,,87314935.0,ns,6873
bench_medium_complex_query,diesel_queryable_by_name,10,,,88698356.0,ns,6952
bench_medium_complex_query,diesel_queryable_by_name,10,,,89735962.0,ns,7031
bench_medium_complex_query,diesel_queryable_by_name,10,,,90278314.0,ns,7110
bench_medium_complex_query,diesel_queryable_by_name,10,,,92067860.0,ns,7189
bench_medium_complex_query,diesel_queryable_by_name,10,,,92633127.0,ns,7268
bench_medium_complex_query,diesel_queryable_by_name,10,,,94115041.0,ns,7347
bench_medium_complex_query,diesel_queryable_by_name,10,,,94621416.0,ns,7426
bench_medium_complex_query,diesel_queryable_by_name,10,,,96913001.0,ns,7505
bench_medium_complex_query,diesel_queryable_by_name,10,,,97026173.0,ns,7584
bench_medium_complex_query,diesel_queryable_by_name,10,,,98312041.0,ns,7663
bench_medium_complex_query,diesel_queryable_by_name,10,,,98562067.0,ns,7742
bench_medium_complex_query,diesel_queryable_by_name,10,,,99747699.0,ns,7821
bench_medium_complex_query,diesel_queryable_by_name,10,,,100784634.0,ns,7900
