group,function,value,throughput_num,throughput_type,sample_measured_value,unit,iteration_count
bench_medium_complex_query,diesel_queryable_by_name,1000,,,1143761.0,ns,4
bench_medium_complex_query,diesel_queryable_by_name,1000,,,2338737.0,ns,8
bench_medium_complex_query,diesel_queryable_by_name,1000,,,3355702.0,ns,12
bench_medium_complex_query,diesel_queryable_by_name,1000,,,4484344.0,ns,16
bench_medium_complex_query,diesel_queryable_by_name,1000,,,5698666.0,ns,20
bench_medium_complex_query,diesel_queryable_by_name,1000,,,6665688.0,ns,24
bench_medium_complex_query,diesel_queryable_by_name,1000,,,7713290.0,ns,28
bench_medium_complex_query,diesel_queryable_by_name,1000,,,8945966.0,ns,32
bench_medium_complex_query,diesel_queryable_by_name,1000,,,10003275.0,ns,36
bench_medium_complex_query,diesel_queryable_by_name,1000,,,11052861.0,ns,40
bench_medium_complex_query,diesel_queryable_by_name,1000,,,12199747.0,ns,44
bench_medium_complex_query,diesel_queryable_by_name,1000,,,13265964.0,ns,48
bench_medium_complex_query,diesel_queryable_by_name,1000,,,14375621.0,ns,52
bench_medium_complex_query,diesel_queryable_by_name,1000,,,15495557.0,ns,56
bench_medium_complex_query,diesel_queryable_by_name,1000,,,16589525.0,ns,60
bench_medium_complex_query,diesel_queryable_by_name,1000,,,17827041.0,ns,64
bench_medium_complex_query,diesel_queryable_by_name,1000,,,19163110.0,ns,68
bench_medium_complex_query,diesel_queryable_by_name,1000,,,19912676.0,ns,72
bench_medium_complex_query,diesel_queryable_by_name,1000,,,21091362.0,ns,76
bench_medium_complex_query,diesel_queryable_by_name,1000,,,22163700.0,ns,80
bench_medium_complex_query,diesel_queryable_by_name,1000,,,23298684.0,ns,84
bench_medium_complex_query,diesel_queryable_by_name,1000,,,24491526.0,ns,88
bench_medium_complex_query,diesel_queryable_by_name,1000,,,25398906.0,ns,92
bench_medium_complex_query,diesel_queryable_by_name,1000,,,26307981.0,ns,96
bench_medium_complex_query,diesel_queryable_by_name,1000,,,27874799.0,ns,100
bench_medium_complex_query,diesel_queryable_by_name,1000,,,28754769.0,ns,104
bench_medium_complex_query,diesel_queryable_by_name,1000,,,29917424.0,ns,108
bench_medium_complex_query,diesel_queryable_by_name,1000,,,31016051.0,ns,112
bench_medium_complex_query,diesel_queryable_by_name,1000,,,36466535.0,ns,116
bench_medium_complex_query,diesel_queryable_by_name,1000,,,32996411.0,ns,120
bench_medium_complex_query,diesel_queryable_by_name,1000,,,34123180.0,ns,124
bench_medium_complex_query,diesel_queryable_by_name,1000,,,35146706.0,ns,128
bench_medium_complex_query,diesel_queryable_by_name,1000,,,36487755.0,ns,132
bench_medium_complex_query,diesel_queryable_by_name,1000,,,38000603.0,ns,136
bench_medium_complex_query,diesel_queryable_by_name,1000,,,38387955.0,ns,140
bench_medium_complex_query,diesel_queryable_by_name,1000,,,39871138.0,ns,144
bench_medium_complex_query,diesel_queryable_by_name,1000,,,40939638.0,ns,148
bench_medium_complex_query,diesel_queryable_by_name,1000,,,42154691.0,ns,152
bench_medium_complex_query,diesel_queryable_by_name,1000,,,43014344.0,ns,156
bench_medium_complex_query,diesel_queryable_by_name,1000,,,44028903.0,ns,160
bench_medium_complex_query,diesel_queryable_by_name,1000,,,45510143.0,ns,164
bench_medium_complex_query,diesel_queryable_by_name,1000,,,46445876.0,ns,168
bench_medium_complex_query,diesel_queryable_by_name,1000,,,47227402.0,ns,172
bench_medium_complex_query,diesel_queryable_by_name,1000,,,48770977.0,ns,176
bench_medium_complex_query,diesel_queryable_by_name,1000,,,50033790.0,ns,180
bench_medium_complex_query,diesel_queryable_by_name,1000,,,50945929.0,ns,184
bench_medium_complex_query,diesel_queryable_by_name,1000,,,52148129.0,ns,188
bench_medium_complex_query,diesel_queryable_by_name,1000,,,53167025.0,ns,192
bench_medium_complex_query,diesel_queryable_by_name,1000,,,54276854.0,ns,196
bench_medium_complex_query,diesel_queryable_by_name,1000,,,55209713.0,ns,200
bench_medium_complex_query,diesel_queryable_by_name,1000,,,56599624.0,ns,204
bench_medium_complex_query,diesel_queryable_by_name,1000,,,57118241.0,ns,208
bench_medium_complex_query,diesel_queryable_by_name,1000,,,58737048.0,ns,212
bench_medium_complex_query,diesel_queryable_by_name,1000,,,59961471.0,ns,216
bench_medium_complex_query,diesel_queryable_by_name,1000,,,61107467.0,ns,220
bench_medium_complex_query,diesel_queryable_by_name,1000,,,61597902.0,ns,224
bench_medium_complex_query,diesel_queryable_by_name,1000,,,62546341.0,ns,228
bench_medium_complex_query,diesel_queryable_by_name,1000,,,63960867.0,ns,232
bench_medium_complex_query,diesel_queryable_by_name,1000,,,64567588.0,ns,236
bench_medium_complex_query,diesel_queryable_by_name,1000,,,65996973.0,ns,240
bench_medium_complex_query,diesel_queryable_by_name,1000,,,67086895.0,ns,244
bench_medium_complex_query,diesel_queryable_by_name,1000,,,69001845.0,ns,248
bench_medium_complex_query,diesel_queryable_by_name,1000,,,69262510.0,ns,252
bench_medium_complex_query,diesel_queryable_by_name,1000,,,70767746.0,ns,256
bench_medium_complex_query,diesel_queryable_by_name,1000,,,71850556.0,ns,260
bench_medium_complex_query,diesel_queryable_by_name,1000,,,72249709.0,ns,264
bench_medium_complex_query,diesel_queryable_by_name,1000,,,73790412.0,ns,268
bench_medium_complex_query,diesel_queryable_by_name,1000,,,75260563.0,ns,272
bench_medium_complex_query,diesel_queryable_by_name,1000,,,76511324.0,ns,276
bench_medium_complex_query,diesel_queryable_by_name,1000,,,77471884.0,ns,280
bench_medium_complex_query,diesel_queryable_by_name,1000,,,78632098.0,ns,284
bench_medium_complex_query,diesel_queryable_by_name,1000,,,79457507.0,ns,288
bench_medium_complex_query,diesel_queryable_by_name,1000,,,80007461.0,ns,292
bench_medium_complex_query,diesel_queryable_by_name,1000,,,81595443.0,ns,296
bench_medium_complex_query,diesel_queryable_by_name,1000,,,82707636.0,ns,300
bench_medium_complex_query,diesel_queryable_by_name,1000,,,83891953.0,ns,304
bench_medium_complex_query,diesel_queryable_by_name,1000,,,85725741.0,ns,308
bench_medium_complex_query,diesel_queryable_by_name,1000,,,86362138.0,ns,312
bench_medium_complex_query,diesel_queryable_by_name,1000,,,87711534.0,ns,316
bench_medium_complex_query,diesel_queryable_by_name,1000,,,88396992.0,ns,320
bench_medium_complex_query,diesel_queryable_by_name,1000,,,89900183.0,ns,324
bench_medium_complex_query,diesel_queryable_by_name,1000,,,89941771.0,ns,328
bench_medium_complex_query,diesel_queryable_by_name,1000,,,91648052.0,ns,332
bench_medium_complex_query,diesel_queryable_by_name,1000,,,93123523.0,ns,336
bench_medium_complex_query,diesel_queryable_by_name,1000,,,94189891.0,ns,340
bench_medium_complex_query,diesel_queryable_by_name,1000,,,94688831.0,ns,344
bench_medium_complex_query,diesel_queryable_by_name,1000,,,95326369.0,ns,348
bench_medium_complex_query,diesel_queryable_by_name,1000,,,96675084.0,ns,352
bench_medium_complex_query,diesel_queryable_by_name,1000,,,97856887.0,ns,356
bench_medium_complex_query,diesel_queryable_by_name,1000,,,99585079.0,ns,360
bench_medium_complex_query,diesel_queryable_by_name,1000,,,100269224.0,ns,364
bench_medium_complex_query,diesel_queryable_by_name,1000,,,101735548.0,ns,368
bench_medium_complex_query,diesel_queryable_by_name,1000,,,103113397.0,ns,372
bench_medium_complex_query,diesel_queryable_by_name,1000,,,103551533.0,ns,376
bench_medium_complex_query,diesel_queryable_by_name,1000,,,105119677.0,ns,380
bench_medium_complex_query,diesel_queryable_by_name,1000,,,106205270.0,ns,384
bench_medium_complex_query,diesel_queryable_by_name,1000,,,106897450.0,ns,388
bench_medium_complex_query,diesel_queryable_by_name,1000,,,107662697.0,ns,392
bench_medium_complex_query,diesel_queryable_by_name,1000,,,109205202.0,ns,396
bench_medium_complex_query,diesel_queryable_by_name,1000,,,109951514.0,ns,400
