group,function,value,throughput_num,throughput_type,sample_measured_value,unit,iteration_count
bench_medium_complex_query,postgres_by_id,1,,,2034757.0,ns,15
bench_medium_complex_query,postgres_by_id,1,,,2471778.0,ns,30
bench_medium_complex_query,postgres_by_id,1,,,4320900.0,ns,45
bench_medium_complex_query,postgres_by_id,1,,,4093539.0,ns,60
bench_medium_complex_query,postgres_by_id,1,,,5191978.0,ns,75
bench_medium_complex_query,postgres_by_id,1,,,6952505.0,ns,90
bench_medium_complex_query,postgres_by_id,1,,,6722899.0,ns,105
bench_medium_complex_query,postgres_by_id,1,,,10169547.0,ns,120
bench_medium_complex_query,postgres_by_id,1,,,8470072.0,ns,135
bench_medium_complex_query,postgres_by_id,1,,,9180321.0,ns,150
bench_medium_complex_query,postgres_by_id,1,,,13088395.0,ns,165
bench_medium_complex_query,postgres_by_id,1,,,11378622.0,ns,180
bench_medium_complex_query,postgres_by_id,1,,,12766928.0,ns,195
bench_medium_complex_query,postgres_by_id,1,,,12732795.0,ns,210
bench_medium_complex_query,postgres_by_id,1,,,13249073.0,ns,225
bench_medium_complex_query,postgres_by_id,1,,,14266092.0,ns,240
bench_medium_complex_query,postgres_by_id,1,,,19321242.0,ns,255
bench_medium_complex_query,postgres_by_id,1,,,16712342.0,ns,270
bench_medium_complex_query,postgres_by_id,1,,,20040380.0,ns,285
bench_medium_complex_query,postgres_by_id,1,,,20879978.0,ns,300
bench_medium_complex_query,postgres_by_id,1,,,19068265.0,ns,315
bench_medium_complex_query,postgres_by_id,1,,,19812233.0,ns,330
bench_medium_complex_query,postgres_by_id,1,,,21884419.0,ns,345
bench_medium_complex_query,postgres_by_id,1,,,21907546.0,ns,360
bench_medium_complex_query,postgres_by_id,1,,,26303756.0,ns,375
bench_medium_complex_query,postgres_by_id,1,,,23776255.0,ns,390
bench_medium_complex_query,postgres_by_id,1,,,33269907.0,ns,405
bench_medium_complex_query,postgres_by_id,1,,,32895763.0,ns,420
bench_medium_complex_query,postgres_by_id,1,,,33312105.0,ns,435
bench_medium_complex_query,postgres_by_id,1,,,27748728.0,ns,450
bench_medium_complex_query,postgres_by_id,1,,,32177870.0,ns,465
bench_medium_complex_query,postgres_by_id,1,,,29219929.0,ns,480
bench_medium_complex_query,postgres_by_id,1,,,40658391.0,ns,495
bench_medium_complex_query,postgres_by_id,1,,,30584232.0,ns,510
bench_medium_complex_query,postgres_by_id,1,,,37747772.0,ns,525
bench_medium_complex_query,postgres_by_id,1,,,43169503.0,ns,540
bench_medium_complex_query,postgres_by_id,1,,,33098468.0,ns,555
bench_medium_complex_query,postgres_by_id,1,,,34762457.0,ns,570
bench_medium_complex_query,postgres_by_id,1,,,34866189.0,ns,585
bench_medium_complex_query,postgres_by_id,1,,,35408056.0,ns,600
bench_medium_complex_query,postgres_by_id,1,,,37048761.0,ns,615
bench_medium_complex_query,postgres_by_id,1,,,50105567.0,ns,630
bench_medium_complex_query,postgres_by_id,1,,,45357447.0,ns,645
bench_medium_complex_query,postgres_by_id,1,,,40070564.0,ns,660
bench_medium_complex_query,postgres_by_id,1,,,41878677.0,ns,675
bench_medium_complex_query,postgres_by_id,1,,,41141465.0,ns,690
bench_medium_complex_query,postgres_by_id,1,,,57286036.0,ns,705
bench_medium_complex_query,postgres_by_id,1,,,43621419.0,ns,720
bench_medium_complex_query,postgres_by_id,1,,,59105614.0,ns,735
bench_medium_complex_query,postgres_by_id,1,,,56172750.0,ns,750
bench_medium_complex_query,postgres_by_id,1,,,62791856.0,ns,765
bench_medium_complex_query,postgres_by_id,1,,,49508146.0,ns,780
bench_medium_complex_query,postgres_by_id,1,,,52396834.0,ns,795
bench_medium_complex_query,postgres_by_id,1,,,60064547.0,ns,810
bench_medium_complex_query,postgres_by_id,1,,,50931600.0,ns,825
bench_medium_complex_query,postgres_by_id,1,,,49879896.0,ns,840
bench_medium_complex_query,postgres_by_id,1,,,51847815.0,ns,855
bench_medium_complex_query,postgres_by_id,1,,,61364737.0,ns,870
bench_medium_complex_query,postgres_by_id,1,,,53143416.0,ns,885
bench_medium_complex_query,postgres_by_id,1,,,56176587.0,ns,900
bench_medium_complex_query,postgres_by_id,1,,,56077462.0,ns,915
bench_medium_complex_query,postgres_by_id,1,,,62741212.0,ns,930
bench_medium_complex_query,postgres_by_id,1,,,56712438.0,ns,945
bench_medium_complex_query,postgres_by_id,1,,,78517684.0,ns,960
bench_medium_complex_query,postgres_by_id,1,,,60369830.0,ns,975
bench_medium_complex_query,postgres_by_id,1,,,68265230.0,ns,990
bench_medium_complex_query,postgres_by_id,1,,,69982263.0,ns,1005
bench_medium_complex_query,postgres_by_id,1,,,76002398.0,ns,1020
bench_medium_complex_query,postgres_by_id,1,,,62914374.0,ns,1035
bench_medium_complex_query,postgres_by_id,1,,,61168623.0,ns,1050
bench_medium_complex_query,postgres_by_id,1,,,85660696.0,ns,1065
bench_medium_complex_query,postgres_by_id,1,,,78678105.0,ns,1080
bench_medium_complex_query,postgres_by_id,1,,,63803400.0,ns,1095
bench_medium_complex_query,postgres_by_id,1,,,78205959.0,ns,1110
bench_medium_complex_query,postgres_by_id,1,,,81841928.0,ns,1125
bench_medium_complex_query,postgres_by_id,1,,,68651367.0,ns,1140
bench_medium_complex_query,postgres_by_id,1,,,82544632.0,ns,1155
bench_medium_complex_query,postgres_by_id,1,,,81851906.0,ns,1170
bench_medium_complex_query,postgres_by_id,1,,,72544921.0,ns,1185
bench_medium_complex_query,postgres_by_id,1,,,73911694.0,ns,1200
bench_medium_complex_query,postgres_by_id,1,,,81797836.0,ns,1215
bench_medium_complex_query,postgres_by_id,1,,,75162101.0,ns,1230
bench_medium_complex_query,postgres_by_id,1,,,82594244.0,ns,1245
bench_medium_complex_query,postgres_by_id,1,,,95568507.0,ns,1260
bench_medium_complex_query,postgres_by_id,1,,,78359687.0,ns,1275
bench_medium_complex_query,postgres_by_id,1,,,78369191.0,ns,1290
bench_medium_complex_query,postgres_by_id,1,,,81759033.0,ns,1305
bench_medium_complex_query,postgres_by_id,1,,,86352052.0,ns,1320
bench_medium_complex_query,postgres_by_id,1,,,110287349.0,ns,1335
bench_medium_complex_query,postgres_by_id,1,,,96151419.0,ns,1350
bench_medium_complex_query,postgres_by_id,1,,,93433845.0,ns,1365
bench_medium_complex_query,postgres_by_id,1,,,101045226.0,ns,1380
bench_medium_complex_query,postgres_by_id,1,,,92642786.0,ns,1395
bench_medium_complex_query,postgres_by_id,1,,,85759520.0,ns,1410
bench_medium_complex_query,postgres_by_id,1,,,104706335.0,ns,1425
bench_medium_complex_query,postgres_by_id,1,,,115728659.0,ns,1440
bench_medium_complex_query,postgres_by_id,1,,,89729748.0,ns,1455
bench_medium_complex_query,postgres_by_id,1,,,116248374.0,ns,1470
bench_medium_complex_query,postgres_by_id,1,,,93213646.0,ns,1485
bench_medium_complex_query,postgres_by_id,1,,,99616451.0,ns,1500
