group,function,value,throughput_num,throughput_type,sample_measured_value,unit,iteration_count
bench_medium_complex_query,postgres_by_id,1,,,1732594.0,ns,21
bench_medium_complex_query,postgres_by_id,1,,,3278787.0,ns,42
bench_medium_complex_query,postgres_by_id,1,,,3409579.0,ns,63
bench_medium_complex_query,postgres_by_id,1,,,4255867.0,ns,84
bench_medium_complex_query,postgres_by_id,1,,,5272775.0,ns,105
bench_medium_complex_query,postgres_by_id,1,,,5915372.0,ns,126
bench_medium_complex_query,postgres_by_id,1,,,7949176.0,ns,147
bench_medium_complex_query,postgres_by_id,1,,,8005600.0,ns,168
bench_medium_complex_query,postgres_by_id,1,,,11308117.0,ns,189
bench_medium_complex_query,postgres_by_id,1,,,9828002.0,ns,210
bench_medium_complex_query,postgres_by_id,1,,,10627016.0,ns,231
bench_medium_complex_query,postgres_by_id,1,,,16068274.0,ns,252
bench_medium_complex_query,postgres_by_id,1,,,12462981.0,ns,273
bench_medium_complex_query,postgres_by_id,1,,,19465190.0,ns,294
bench_medium_complex_query,postgres_by_id,1,,,14728873.0,ns,315
bench_medium_complex_query,postgres_by_id,1,,,15669020.0,ns,336
bench_medium_complex_query,postgres_by_id,1,,,16279484.0,ns,357
bench_medium_complex_query,postgres_by_id,1,,,22110519.0,ns,378
bench_medium_complex_query,postgres_by_id,1,,,18119476.0,ns,399
bench_medium_complex_query,postgres_by_id,1,,,19313720.0,ns,420
bench_medium_complex_query,postgres_by_id,1,,,28951807.0,ns,441
bench_medium_complex_query,postgres_by_id,1,,,22011295.0,ns,462
bench_medium_complex_query,postgres_by_id,1,,,31445718.0,ns,483
bench_medium_complex_query,postgres_by_id,1,,,25128913.0,ns,504
bench_medium_complex_query,postgres_by_id,1,,,24328505.0,ns,525
bench_medium_complex_query,postgres_by_id,1,,,27958374.0,ns,546
bench_medium_complex_query,postgres_by_id,1,,,31663920.0,ns,567
bench_medium_complex_query,postgres_by_id,1,,,32699329.0,ns,588
bench_medium_complex_query,postgres_by_id,1,,,30079158.0,ns,609
bench_medium_complex_query,postgres_by_id,1,,,41190753.0,ns,630
bench_medium_complex_query,postgres_by_id,1,,,30135915.0,ns,651
bench_medium_complex_query,postgres_by_id,1,,,30825925.0,ns,672
bench_medium_complex_query,postgres_by_id,1,,,32570926.0,ns,693
bench_medium_complex_query,postgres_by_id,1,,,34022575.0,ns,714
bench_medium_complex_query,postgres_by_id,1,,,46772145.0,ns,735
bench_medium_complex_query,postgres_by_id,1,,,36989172.0,ns,756
bench_medium_complex_query,postgres_by_id,1,,,51479857.0,ns,777
bench_medium_complex_query,postgres_by_id,1,,,38288173.0,ns,798
bench_medium_complex_query,postgres_by_id,1,,,39459236.0,ns,819
bench_medium_complex_query,postgres_by_id,1,,,39177155.0,ns,840
bench_medium_complex_query,postgres_by_id,1,,,57542090.0,ns,861
bench_medium_complex_query,postgres_by_id,1,,,41551109.0,ns,882
bench_medium_complex_query,postgres_by_id,1,,,51050282.0,ns,903
bench_medium_complex_query,postgres_by_id,1,,,42934840.0,ns,924
bench_medium_complex_query,postgres_by_id,1,,,60220226.0,ns,945
bench_medium_complex_query,postgres_by_id,1,,,45205451.0,ns,966
bench_medium_complex_query,postgres_by_id,1,,,48483413.0,ns,987
bench_medium_complex_query,postgres_by_id,1,,,46275219.0,ns,1008
bench_medium_complex_query,postgres_by_id,1,,,47752778.0,ns,1029
bench_medium_complex_query,postgres_by_id,1,,,47006130.0,ns,1050
bench_medium_complex_query,postgres_by_id,1,,,56392467.0,ns,1071
bench_medium_complex_query,postgres_by_id,1,,,61250536.0,ns,1092
bench_medium_complex_query,postgres_by_id,1,,,56536761.0,ns,1113
bench_medium_complex_query,postgres_by_id,1,,,70711726.0,ns,1134
bench_medium_complex_query,postgres_by_id,1,,,54684676.0,ns,1155
bench_medium_complex_query,postgres_by_id,1,,,54585998.0,ns,1176
bench_medium_complex_query,postgres_by_id,1,,,62334814.0,ns,1197
bench_medium_complex_query,postgres_by_id,1,,,67420491.0,ns,1218
bench_medium_complex_query,postgres_by_id,1,,,58161311.0,ns,1239
bench_medium_complex_query,postgres_by_id,1,,,58469349.0,ns,1260
bench_medium_complex_query,postgres_by_id,1,,,58996439.0,ns,1281
bench_medium_complex_query,postgres_by_id,1,,,75515133.0,ns,1302
bench_medium_complex_query,postgres_by_id,1,,,65307209.0,ns,1323
bench_medium_complex_query,postgres_by_id,1,,,62469958.0,ns,1344
bench_medium_complex_query,postgres_by_id,1,,,61292282.0,ns,1365
bench_medium_complex_query,postgres_by_id,1,,,73039479.0,ns,1386
bench_medium_complex_query,postgres_by_id,1,,,66608097.0,ns,1407
bench_medium_complex_query,postgres_by_id,1,,,67438835.0,ns,1428
bench_medium_complex_query,postgres_by_id,1,,,80216065.0,ns,1449
bench_medium_complex_query,postgres_by_id,1,,,67888036.0,ns,1470
bench_medium_complex_query,postgres_by_id,1,,,78947573.0,ns,1491
bench_medium_complex_query,postgres_by_id,1,,,74532307.0,ns,1512
bench_medium_complex_query,postgres_by_id,1,,,72165407.0,ns,1533
bench_medium_complex_query,postgres_by_id,1,,,87100103.0,ns,1554
bench_medium_complex_query,postgres_by_id,1,,,92162268.0,ns,1575
bench_medium_complex_query,postgres_by_id,1,,,83340502.0,ns,1596
bench_medium_complex_query,postgres_by_id,1,,,94509356.0,ns,1617
bench_medium_complex_query,postgres_by_id,1,,,80320694.0,ns,1638
bench_medium_complex_query,postgres_by_id,1,,,77080592.0,ns,1659
bench_medium_complex_query,postgres_by_id,1,,,89463943.0,ns,1680
bench_medium_complex_query,postgres_by_id,1,,,83679399.0,ns,1701
bench_medium_complex_query,postgres_by_id,1,,,80067213.0,ns,1722
bench_medium_complex_query,postgres_by_id,1,,,84127754.0,ns,1743
bench_medium_complex_query,postgres_by_id,1,,,83469887.0,ns,1764
bench_medium_complex_query,postgres_by_id,1,,,88522730.0,ns,1785
bench_medium_complex_query,postgres_by_id,1,,,84812053.0,ns,1806
bench_medium_complex_query,postgres_by_id,1,,,92500884.0,ns,1827
bench_medium_complex_query,postgres_by_id,1,,,102232973.0,ns,1848
bench_medium_complex_query,postgres_by_id,1,,,91049567.0,ns,1869
bench_medium_complex_query,postgres_by_id,1,,,90744483.0,ns,1890
bench_medium_complex_query,postgres_by_id,1,,,114009179.0,ns,1911
bench_medium_complex_query,postgres_by_id,1,,,90727813.0,ns,1932
bench_medium_complex_query,postgres_by_id,1,,,90442650.0,ns,1953
bench_medium_complex_query,postgres_by_id,1,,,107117292.0,ns,1974
bench_medium_complex_query,postgres_by_id,1,,,92736315.0,ns,1995
bench_medium_complex_query,postgres_by_id,1,,,94130810.0,ns,2016
bench_medium_complex_query,postgres_by_id,1,,,103813074.0,ns,2037
bench_medium_complex_query,postgres_by_id,1,,,98983208.0,ns,2058
bench_medium_complex_query,postgres_by_id,1,,,115757355.0,ns,2079
bench_medium_complex_query,postgres_by_id,1,,,113675692.0,ns,2100
