group,function,value,throughput_num,throughput_type,sample_measured_value,unit,iteration_count
bench_loading_associations_sequentially,sea-orm,,,,55880813.0,ns,5
bench_loading_associations_sequentially,sea-orm,,,,59241634.0,ns,5
bench_loading_associations_sequentially,sea-orm,,,,62888620.0,ns,5
bench_loading_associations_sequentially,sea-orm,,,,51456653.0,ns,5
bench_loading_associations_sequentially,sea-orm,,,,54008798.0,ns,5
bench_loading_associations_sequentially,sea-orm,,,,51433802.0,ns,5
bench_loading_associations_sequentially,sea-orm,,,,65382585.0,ns,5
bench_loading_associations_sequentially,sea-orm,,,,53567830.0,ns,5
bench_loading_associations_sequentially,sea-orm,,,,52690803.0,ns,5
bench_loading_associations_sequentially,sea-orm,,,,62798118.0,ns,5
bench_loading_associations_sequentially,sea-orm,,,,53754189.0,ns,5
bench_loading_associations_sequentially,sea-orm,,,,53883454.0,ns,5
bench_loading_associations_sequentially,sea-orm,,,,53699648.0,ns,5
bench_loading_associations_sequentially,sea-orm,,,,53113669.0,ns,5
bench_loading_associations_sequentially,sea-orm,,,,52981007.0,ns,5
bench_loading_associations_sequentially,sea-orm,,,,53723743.0,ns,5
bench_loading_associations_sequentially,sea-orm,,,,51485618.0,ns,5
bench_loading_associations_sequentially,sea-orm,,,,57041317.0,ns,5
bench_loading_associations_sequentially,sea-orm,,,,60572987.0,ns,5
bench_loading_associations_sequentially,sea-orm,,,,52235392.0,ns,5
bench_loading_associations_sequentially,sea-orm,,,,51084053.0,ns,5
bench_loading_associations_sequentially,sea-orm,,,,51490657.0,ns,5
bench_loading_associations_sequentially,sea-orm,,,,52923480.0,ns,5
bench_loading_associations_sequentially,sea-orm,,,,51774337.0,ns,5
bench_loading_associations_sequentially,sea-orm,,,,61411062.0,ns,5
bench_loading_associations_sequentially,sea-orm,,,,51374729.0,ns,5
bench_loading_associations_sequentially,sea-orm,,,,51508812.0,ns,5
bench_loading_associations_sequentially,sea-orm,,,,57622476.0,ns,5
bench_loading_associations_sequentially,sea-orm,,,,64156964.0,ns,5
bench_loading_associations_sequentially,sea-orm,,,,51519823.0,ns,5
bench_loading_associations_sequentially,sea-orm,,,,64057094.0,ns,5
bench_loading_associations_sequentially,sea-orm,,,,53162177.0,ns,5
bench_loading_associations_sequentially,sea-orm,,,,52772726.0,ns,5
bench_loading_associations_sequentially,sea-orm,,,,57211141.0,ns,5
bench_loading_associations_sequentially,sea-orm,,,,62406311.0,ns,5
bench_loading_associations_sequentially,sea-orm,,,,65080717.0,ns,5
bench_loading_associations_sequentially,sea-orm,,,,51118088.0,ns,5
bench_loading_associations_sequentially,sea-orm,,,,51862366.0,ns,5
bench_loading_associations_sequentially,sea-orm,,,,64513622.0,ns,5
bench_loading_associations_sequentially,sea-orm,,,,55633112.0,ns,5
bench_loading_associations_sequentially,sea-orm,,,,52144716.0,ns,5
bench_loading_associations_sequentially,sea-orm,,,,64938201.0,ns,5
bench_loading_associations_sequentially,sea-orm,,,,51605172.0,ns,5
bench_loading_associations_sequentially,sea-orm,,,,64658897.0,ns,5
bench_loading_associations_sequentially,sea-orm,,,,65799106.0,ns,5
bench_loading_associations_sequentially,sea-orm,,,,53792151.0,ns,5
bench_loading_associations_sequentially,sea-orm,,,,52811900.0,ns,5
bench_loading_associations_sequentially,sea-orm,,,,58305346.0,ns,5
bench_loading_associations_sequentially,sea-orm,,,,51285041.0,ns,5
bench_loading_associations_sequentially,sea-orm,,,,62547869.0,ns,5
bench_loading_associations_sequentially,sea-orm,,,,57859487.0,ns,5
bench_loading_associations_sequentially,sea-orm,,,,51174914.0,ns,5
bench_loading_associations_sequentially,sea-orm,,,,61527382.0,ns,5
bench_loading_associations_sequentially,sea-orm,,,,64430109.0,ns,5
bench_loading_associations_sequentially,sea-orm,,,,51313621.0,ns,5
bench_loading_associations_sequentially,sea-orm,,,,51125728.0,ns,5
bench_loading_associations_sequentially,sea-orm,,,,63968845.0,ns,5
bench_loading_associations_sequentially,sea-orm,,,,64171934.0,ns,5
bench_loading_associations_sequentially,sea-orm,,,,53191077.0,ns,5
bench_loading_associations_sequentially,sea-orm,,,,52673705.0,ns,5
bench_loading_associations_sequentially,sea-orm,,,,57729247.0,ns,5
bench_loading_associations_sequentially,sea-orm,,,,61638893.0,ns,5
bench_loading_associations_sequentially,sea-orm,,,,53433162.0,ns,5
bench_loading_associations_sequentially,sea-orm,,,,53950171.0,ns,5
bench_loading_associations_sequentially,sea-orm,,,,52779331.0,ns,5
bench_loading_associations_sequentially,sea-orm,,,,51245612.0,ns,5
bench_loading_associations_sequentially,sea-orm,,,,62227977.0,ns,5
bench_loading_associations_sequentially,sea-orm,,,,55148324.0,ns,5
bench_loading_associations_sequentially,sea-orm,,,,54589738.0,ns,5
bench_loading_associations_sequentially,sea-orm,,,,52339019.0,ns,5
bench_loading_associations_sequentially,sea-orm,,,,53552547.0,ns,5
bench_loading_associations_sequentially,sea-orm,,,,54671108.0,ns,5
bench_loading_associations_sequentially,sea-orm,,,,55791181.0,ns,5
bench_loading_associations_sequentially,sea-orm,,,,52080659.0,ns,5
bench_loading_associations_sequentially,sea-orm,,,,52957329.0,ns,5
bench_loading_associations_sequentially,sea-orm,,,,51686511.0,ns,5
bench_loading_associations_sequentially,sea-orm,,,,62635842.0,ns,5
bench_loading_associations_sequentially,sea-orm,,,,57854126.0,ns,5
bench_loading_associations_sequentially,sea-orm,,,,63284818.0,ns,5
bench_loading_associations_sequentially,sea-orm,,,,60544140.0,ns,5
bench_loading_associations_sequentially,sea-orm,,,,58555302.0,ns,5
bench_loading_associations_sequentially,sea-orm,,,,66947268.0,ns,5
bench_loading_associations_sequentially,sea-orm,,,,53851008.0,ns,5
bench_loading_associations_sequentially,sea-orm,,,,53392806.0,ns,5
bench_loading_associations_sequentially,sea-orm,,,,51200538.0,ns,5
bench_loading_associations_sequentially,sea-orm,,,,58594948.0,ns,5
bench_loading_associations_sequentially,sea-orm,,,,52825661.0,ns,5
bench_loading_associations_sequentially,sea-orm,,,,61530175.0,ns,5
bench_loading_associations_sequentially,sea-orm,,,,56334212.0,ns,5
bench_loading_associations_sequentially,sea-orm,,,,52835620.0,ns,5
bench_loading_associations_sequentially,sea-orm,,,,58050666.0,ns,5
bench_loading_associations_sequentially,sea-orm,,,,51863023.0,ns,5
bench_loading_associations_sequentially,sea-orm,,,,51464466.0,ns,5
bench_loading_associations_sequentially,sea-orm,,,,60647254.0,ns,5
bench_loading_associations_sequentially,sea-orm,,,,62836789.0,ns,5
bench_loading_associations_sequentially,sea-orm,,,,51463127.0,ns,5
bench_loading_associations_sequentially,sea-orm,,,,57096998.0,ns,5
bench_loading_associations_sequentially,sea-orm,,,,52820406.0,ns,5
bench_loading_associations_sequentially,sea-orm,,,,51296194.0,ns,5
bench_loading_associations_sequentially,sea-orm,,,,62776654.0,ns,5
