group,function,value,throughput_num,throughput_type,sample_measured_value,unit,iteration_count
bench_medium_complex_query,diesel_queryable_by_name,10,,,1542519.0,ns,4
bench_medium_complex_query,diesel_queryable_by_name,10,,,2606432.0,ns,8
bench_medium_complex_query,diesel_queryable_by_name,10,,,3815046.0,ns,12
bench_medium_complex_query,diesel_queryable_by_name,10,,,4845659.0,ns,16
bench_medium_complex_query,diesel_queryable_by_name,10,,,5809571.0,ns,20
bench_medium_complex_query,diesel_queryable_by_name,10,,,6875384.0,ns,24
bench_medium_complex_query,diesel_queryable_by_name,10,,,7426991.0,ns,28
bench_medium_complex_query,diesel_queryable_by_name,10,,,8591604.0,ns,32
bench_medium_complex_query,diesel_queryable_by_name,10,,,9184211.0,ns,36
bench_medium_complex_query,diesel_queryable_by_name,10,,,10417627.0,ns,40
bench_medium_complex_query,diesel_queryable_by_name,10,,,11011633.0,ns,44
bench_medium_complex_query,diesel_queryable_by_name,10,,,12953657.0,ns,48
bench_medium_complex_query,diesel_queryable_by_name,10,,,14073171.0,ns,52
bench_medium_complex_query,diesel_queryable_by_name,10,,,14563877.0,ns,56
bench_medium_complex_query,diesel_queryable_by_name,10,,,15647090.0,ns,60
bench_medium_complex_query,diesel_queryable_by_name,10,,,15682291.0,ns,64
bench_medium_complex_query,diesel_queryable_by_name,10,,,16808504.0,ns,68
bench_medium_complex_query,diesel_queryable_by_name,10,,,18197721.0,ns,72
bench_medium_complex_query,diesel_queryable_by_name,10,,,19344135.0,ns,76
bench_medium_complex_query,diesel_queryable_by_name,10,,,19366935.0,ns,80
bench_medium_complex_query,diesel_queryable_by_name,10,,,21018156.0,ns,84
bench_medium_complex_query,diesel_queryable_by_name,10,,,21699563.0,ns,88
bench_medium_complex_query,diesel_queryable_by_name,10,,,22600175.0,ns,92
bench_medium_complex_query,diesel_queryable_by_name,10,,,23329183.0,ns,96
bench_medium_complex_query,diesel_queryable_by_name,10,,,29201455.0,ns,100
bench_medium_complex_query,diesel_queryable_by_name,10,,,26182318.0,ns,104
bench_medium_complex_query,diesel_queryable_by_name,10,,,28615748.0,ns,108
bench_medium_complex_query,diesel_queryable_by_name,10,,,29660260.0,ns,112
bench_medium_complex_query,diesel_queryable_by_name,10,,,28466146.0,ns,116
bench_medium_complex_query,diesel_queryable_by_name,10,,,30037365.0,ns,120
bench_medium_complex_query,diesel_queryable_by_name,10,,,29881063.0,ns,124
bench_medium_complex_query,diesel_queryable_by_name,10,,,31427682.0,ns,128
bench_medium_complex_query,diesel_queryable_by_name,10,,,33546308.0,ns,132
bench_medium_complex_query,diesel_queryable_by_name,10,,,34580720.0,ns,136
bench_medium_complex_query,diesel_queryable_by_name,10,,,35342729.0,ns,140
bench_medium_complex_query,diesel_queryable_by_name,10,,,36506744.0,ns,144
bench_medium_complex_query,diesel_queryable_by_name,10,,,35588133.0,ns,148
bench_medium_complex_query,diesel_queryable_by_name,10,,,37149452.0,ns,152
bench_medium_complex_query,diesel_queryable_by_name,10,,,38318565.0,ns,156
bench_medium_complex_query,diesel_queryable_by_name,10,,,38684270.0,ns,160
bench_medium_complex_query,diesel_queryable_by_name,10,,,40431892.0,ns,164
bench_medium_complex_query,diesel_queryable_by_name,10,,,40345690.0,ns,168
bench_medium_complex_query,diesel_queryable_by_name,10,,,43730431.0,ns,172
bench_medium_complex_query,diesel_queryable_by_name,10,,,47343875.0,ns,176
bench_medium_complex_query,diesel_queryable_by_name,10,,,44685543.0,ns,180
bench_medium_complex_query,diesel_queryable_by_name,10,,,46767368.0,ns,184
bench_medium_complex_query,diesel_queryable_by_name,10,,,45846657.0,ns,188
bench_medium_complex_query,diesel_queryable_by_name,10,,,47302675.0,ns,192
bench_medium_complex_query,diesel_queryable_by_name,10,,,49899606.0,ns,196
bench_medium_complex_query,diesel_queryable_by_name,10,,,51249523.0,ns,200
bench_medium_complex_query,diesel_queryable_by_name,10,,,49238998.0,ns,204
bench_medium_complex_query,diesel_queryable_by_name,10,,,52757341.0,ns,208
bench_medium_complex_query,diesel_queryable_by_name,10,,,52443937.0,ns,212
bench_medium_complex_query,diesel_queryable_by_name,10,,,53891055.0,ns,216
bench_medium_complex_query,diesel_queryable_by_name,10,,,56323384.0,ns,220
bench_medium_complex_query,diesel_queryable_by_name,10,,,56481086.0,ns,224
bench_medium_complex_query,diesel_queryable_by_name,10,,,57097493.0,ns,228
bench_medium_complex_query,diesel_queryable_by_name,10,,,58047206.0,ns,232
bench_medium_complex_query,diesel_queryable_by_name,10,,,57930504.0,ns,236
bench_medium_complex_query,diesel_queryable_by_name,10,,,58952916.0,ns,240
bench_medium_complex_query,diesel_queryable_by_name,10,,,59317421.0,ns,244
bench_medium_complex_query,diesel_queryable_by_name,10,,,60423334.0,ns,248
bench_medium_complex_query,diesel_queryable_by_name,10,,,62700261.0,ns,252
bench_medium_complex_query,diesel_queryable_by_name,10,,,67211716.0,ns,256
bench_medium_complex_query,diesel_queryable_by_name,10,,,69181741.0,ns,260
bench_medium_complex_query,diesel_queryable_by_name,10,,,68196729.0,ns,264
bench_medium_complex_query,diesel_queryable_by_name,10,,,70404256.0,ns,268
bench_medium_complex_query,diesel_queryable_by_name,10,,,67768523.0,ns,272
bench_medium_complex_query,diesel_queryable_by_name,10,,,74200302.0,ns,276
bench_medium_complex_query,diesel_queryable_by_name,10,,,82032596.0,ns,280
bench_medium_complex_query,diesel_queryable_by_name,10,,,75927722.0,ns,284
bench_medium_complex_query,diesel_queryable_by_name,10,,,80798081.0,ns,288
bench_medium_complex_query,diesel_queryable_by_name,10,,,74190701.0,ns,292
bench_medium_complex_query,diesel_queryable_by_name,10,,,74138900.0,ns,296
bench_medium_complex_query,diesel_queryable_by_name,10,,,74838809.0,ns,300
bench_medium_complex_query,diesel_queryable_by_name,10,,,73455393.0,ns,304
bench_medium_complex_query,diesel_queryable_by_name,10,,,74103800.0,ns,308
bench_medium_complex_query,diesel_queryable_by_name,10,,,77719044.0,ns,312
bench_medium_complex_query,diesel_queryable_by_name,10,,,75533617.0,ns,316
bench_medium_complex_query,diesel_queryable_by_name,10,,,76199126.0,ns,320
bench_medium_complex_query,diesel_queryable_by_name,10,,,77810946.0,ns,324
bench_medium_complex_query,diesel_queryable_by_name,10,,,76623031.0,ns,328
bench_medium_complex_query,diesel_queryable_by_name,10,,,86032322.0,ns,332
bench_medium_complex_query,diesel_queryable_by_name,10,,,80508298.0,ns,336
bench_medium_complex_query,diesel_queryable_by_name,10,,,81976616.0,ns,340
bench_medium_complex_query,diesel_queryable_by_name,10,,,84182146.0,ns,344
bench_medium_complex_query,diesel_queryable_by_name,10,,,83930043.0,ns,348
bench_medium_complex_query,diesel_queryable_by_name,10,,,86191374.0,ns,352
bench_medium_complex_query,diesel_queryable_by_name,10,,,85779368.0,ns,356
bench_medium_complex_query,diesel_queryable_by_name,10,,,91531945.0,ns,360
bench_medium_complex_query,diesel_queryable_by_name,10,,,121024847.0,ns,364
bench_medium_complex_query,diesel_queryable_by_name,10,,,104760426.0,ns,368
bench_medium_complex_query,diesel_queryable_by_name,10,,,118564514.0,ns,372
bench_medium_complex_query,diesel_queryable_by_name,10,,,106070944.0,ns,376
bench_medium_complex_query,diesel_queryable_by_name,10,,,92592460.0,ns,380
bench_medium_complex_query,diesel_queryable_by_name,10,,,94732189.0,ns,384
bench_medium_complex_query,diesel_queryable_by_name,10,,,124718598.0,ns,388
bench_medium_complex_query,diesel_queryable_by_name,10,,,99498154.0,ns,392
bench_medium_complex_query,diesel_queryable_by_name,10,,,100439967.0,ns,396
bench_medium_complex_query,diesel_queryable_by_name,10,,,98551642.0,ns,400
