group,function,value,throughput_num,throughput_type,sample_measured_value,unit,iteration_count
bench_medium_complex_query,diesel_queryable_by_name,10,,,1589798.0,ns,5
bench_medium_complex_query,diesel_queryable_by_name,10,,,2565397.0,ns,10
bench_medium_complex_query,diesel_queryable_by_name,10,,,3574395.0,ns,15
bench_medium_complex_query,diesel_queryable_by_name,10,,,5591693.0,ns,20
bench_medium_complex_query,diesel_queryable_by_name,10,,,5609793.0,ns,25
bench_medium_complex_query,diesel_queryable_by_name,10,,,6554292.0,ns,30
bench_medium_complex_query,diesel_queryable_by_name,10,,,7621790.0,ns,35
bench_medium_complex_query,diesel_queryable_by_name,10,,,8577189.0,ns,40
bench_medium_complex_query,diesel_queryable_by_name,10,,,9629688.0,ns,45
bench_medium_complex_query,diesel_queryable_by_name,10,,,10609186.0,ns,50
bench_medium_complex_query,diesel_queryable_by_name,10,,,11680285.0,ns,55
bench_medium_complex_query,diesel_queryable_by_name,10,,,12684884.0,ns,60
bench_medium_complex_query,diesel_queryable_by_name,10,,,13656482.0,ns,65
bench_medium_complex_query,diesel_queryable_by_name,10,,,14839981.0,ns,70
bench_medium_complex_query,diesel_queryable_by_name,10,,,15744580.0,ns,75
bench_medium_complex_query,diesel_queryable_by_name,10,,,16619678.0,ns,80
bench_medium_complex_query,diesel_queryable_by_name,10,,,17985477.0,ns,85
bench_medium_complex_query,diesel_queryable_by_name,10,,,18979076.0,ns,90
bench_medium_complex_query,diesel_queryable_by_name,10,,,19701575.0,ns,95
bench_medium_complex_query,diesel_queryable_by_name,10,,,21706672.0,ns,100
bench_medium_complex_query,diesel_queryable_by_name,10,,,21702772.0,ns,105
bench_medium_complex_query,diesel_queryable_by_name,10,,,23274670.0,ns,110
bench_medium_complex_query,diesel_queryable_by_name,10,,,24093870.0,ns,115
bench_medium_complex_query,diesel_queryable_by_name,10,,,25600767.0,ns,120
bench_medium_complex_query,diesel_queryable_by_name,10,,,26243866.0,ns,125
bench_medium_complex_query,diesel_queryable_by_name,10,,,27112165.0,ns,130
bench_medium_complex_query,diesel_queryable_by_name,10,,,28500664.0,ns,135
bench_medium_complex_query,diesel_queryable_by_name,10,,,29246162.0,ns,140
bench_medium_complex_query,diesel_queryable_by_name,10,,,30903460.0,ns,145
bench_medium_complex_query,diesel_queryable_by_name,10,,,31664859.0,ns,150
bench_medium_complex_query,diesel_queryable_by_name,10,,,32457959.0,ns,155
bench_medium_complex_query,diesel_queryable_by_name,10,,,33634457.0,ns,160
bench_medium_complex_query,diesel_queryable_by_name,10,,,34412255.0,ns,165
bench_medium_complex_query,diesel_queryable_by_name,10,,,36021254.0,ns,170
bench_medium_complex_query,diesel_queryable_by_name,10,,,37189752.0,ns,175
bench_medium_complex_query,diesel_queryable_by_name,10,,,38142451.0,ns,180
bench_medium_complex_query,diesel_queryable_by_name,10,,,38569750.0,ns,185
bench_medium_complex_query,diesel_queryable_by_name,10,,,39945549.0,ns,190
bench_medium_complex_query,diesel_queryable_by_name,10,,,41663446.0,ns,195
bench_medium_complex_query,diesel_queryable_by_name,10,,,42088646.0,ns,200
bench_medium_complex_query,diesel_queryable_by_name,10,,,43039945.0,ns,205
bench_medium_complex_query,diesel_queryable_by_name,10,,,44182843.0,ns,210
bench_medium_complex_query,diesel_queryable_by_name,10,,,45159942.0,ns,215
bench_medium_complex_query,diesel_queryable_by_name,10,,,46805740.0,ns,220
bench_medium_complex_query,diesel_queryable_by_name,10,,,48168942.0,ns,225
bench_medium_complex_query,diesel_queryable_by_name,10,,,49052141.0,ns,230
bench_medium_complex_query,diesel_queryable_by_name,10,,,49172341.0,ns,235
bench_medium_complex_query,diesel_queryable_by_name,10,,,50772139.0,ns,240
bench_medium_complex_query,diesel_queryable_by_name,10,,,51935137.0,ns,245
bench_medium_complex_query,diesel_queryable_by_name,10,,,55847833.0,ns,250
bench_medium_complex_query,diesel_queryable_by_name,10,,,53650535.0,ns,255
bench_medium_complex_query,diesel_queryable_by_name,10,,,54676833.0,ns,260
bench_medium_complex_query,diesel_queryable_by_name,10,,,55316833.0,ns,265
bench_medium_complex_query,diesel_queryable_by_name,10,,,56506832.0,ns,270
bench_medium_complex_query,diesel_queryable_by_name,10,,,57338731.0,ns,275
bench_medium_complex_query,diesel_queryable_by_name,10,,,58811129.0,ns,280
bench_medium_complex_query,diesel_queryable_by_name,10,,,59959727.0,ns,285
bench_medium_complex_query,diesel_queryable_by_name,10,,,60688226.0,ns,290
bench_medium_complex_query,diesel_queryable_by_name,10,,,61712225.0,ns,295
bench_medium_complex_query,diesel_queryable_by_name,10,,,63277923.0,ns,300
bench_medium_complex_query,diesel_queryable_by_name,10,,,63661423.0,ns,305
bench_medium_complex_query,diesel_queryable_by_name,10,,,66486320.0,ns,310
bench_medium_complex_query,diesel_queryable_by_name,10,,,66639019.0,ns,315
bench_medium_complex_query,diesel_queryable_by_name,10,,,67036419.0,ns,320
bench_medium_complex_query,diesel_queryable_by_name,10,,,67841618.0,ns,325
bench_medium_complex_query,diesel_queryable_by_name,10,,,68767316.0,ns,330
bench_medium_complex_query,diesel_queryable_by_name,10,,,70435114.0,ns,335
bench_medium_complex_query,diesel_queryable_by_name,10,,,71083113.0,ns,340
bench_medium_complex_query,diesel_queryable_by_name,10,,,72676512.0,ns,345
bench_medium_complex_query,diesel_queryable_by_name,10,,,73496011.0,ns,350
bench_medium_complex_query,diesel_queryable_by_name,10,,,74340010.0,ns,355
bench_medium_complex_query,diesel_queryable_by_name,10,,,76700707.0,ns,360
bench_medium_complex_query,diesel_queryable_by_name,10,,,76919907.0,ns,365
bench_medium_complex_query,diesel_queryable_by_name,10,,,80351502.0,ns,370
bench_medium_complex_query,diesel_queryable_by_name,10,,,78366905.0,ns,375
bench_medium_complex_query,diesel_queryable_by_name,10,,,79605203.0,ns,380
bench_medium_complex_query,diesel_queryable_by_name,10,,,80549503.0,ns,385
bench_medium_complex_query,diesel_queryable_by_name,10,,,81702701.0,ns,390
bench_medium_complex_query,diesel_queryable_by_name,10,,,83056499.0,ns,395
bench_medium_complex_query,diesel_queryable_by_name,10,,,83568598.0,ns,400
bench_medium_complex_query,diesel_queryable_by_name,10,,,85382696.0,ns,405
bench_medium_complex_query,diesel_queryable_by_name,10,,,85820896.0,ns,410
bench_medium_complex_query,diesel_queryable_by_name,10,,,87623094.0,ns,415
bench_medium_complex_query,diesel_queryable_by_name,10,,,87977893.0,ns,420
bench_medium_complex_query,diesel_queryable_by_name,10,,,88866992.0,ns,425
bench_medium_complex_query,diesel_queryable_by_name,10,,,90582890.0,ns,430
bench_medium_complex_query,diesel_queryable_by_name,10,,,90776690.0,ns,435
bench_medium_complex_query,diesel_queryable_by_name,10,,,91639289.0,ns,440
bench_medium_complex_query,diesel_queryable_by_name,10,,,93603687.0,ns,445
bench_medium_complex_query,diesel_queryable_by_name,10,,,94687485.0,ns,450
bench_medium_complex_query,diesel_queryable_by_name,10,,,95748384.0,ns,455
bench_medium_complex_query,diesel_queryable_by_name,10,,,95978384.0,ns,460
bench_medium_complex_query,diesel_queryable_by_name,10,,,97999482.0,ns,465
bench_medium_complex_query,diesel_queryable_by_name,10,,,97931482.0,ns,470
bench_medium_complex_query,diesel_queryable_by_name,10,,,99696079.0,ns,475
bench_medium_complex_query,diesel_queryable_by_name,10,,,100772578.0,ns,480
bench_medium_complex_query,diesel_queryable_by_name,10,,,102283176.0,ns,485
bench_medium_complex_query,diesel_queryable_by_name,10,,,102630576.0,ns,490
bench_medium_complex_query,diesel_queryable_by_name,10,,,103858774.0,ns,495
bench_medium_complex_query,diesel_queryable_by_name,10,,,109040367.0,ns,500
