group,function,value,throughput_num,throughput_type,sample_measured_value,unit,iteration_count
bench_trivial_query,diesel_queryable_by_name,1000,,,1751064.0,ns,3
bench_trivial_query,diesel_queryable_by_name,1000,,,2719809.0,ns,6
bench_trivial_query,diesel_queryable_by_name,1000,,,4056740.0,ns,9
bench_trivial_query,diesel_queryable_by_name,1000,,,5278818.0,ns,12
bench_trivial_query,diesel_queryable_by_name,1000,,,6655614.0,ns,15
bench_trivial_query,diesel_queryable_by_name,1000,,,8178515.0,ns,18
bench_trivial_query,diesel_queryable_by_name,1000,,,9017105.0,ns,21
bench_trivial_query,diesel_queryable_by_name,1000,,,10394169.0,ns,24
bench_trivial_query,diesel_queryable_by_name,1000,,,14919296.0,ns,27
bench_trivial_query,diesel_queryable_by_name,1000,,,12816306.0,ns,30
bench_trivial_query,diesel_queryable_by_name,1000,,,18399041.0,ns,33
bench_trivial_query,diesel_queryable_by_name,1000,,,15271772.0,ns,36
bench_trivial_query,diesel_queryable_by_name,1000,,,16391339.0,ns,39
bench_trivial_query,diesel_queryable_by_name,1000,,,17872042.0,ns,42
bench_trivial_query,diesel_queryable_by_name,1000,,,19124413.0,ns,45
bench_trivial_query,diesel_queryable_by_name,1000,,,20519099.0,ns,48
bench_trivial_query,diesel_queryable_by_name,1000,,,27934667.0,ns,51
bench_trivial_query,diesel_queryable_by_name,1000,,,22914497.0,ns,54
bench_trivial_query,diesel_queryable_by_name,1000,,,28578888.0,ns,57
bench_trivial_query,diesel_queryable_by_name,1000,,,33090542.0,ns,60
bench_trivial_query,diesel_queryable_by_name,1000,,,26956911.0,ns,63
bench_trivial_query,diesel_queryable_by_name,1000,,,28186142.0,ns,66
bench_trivial_query,diesel_queryable_by_name,1000,,,29856539.0,ns,69
bench_trivial_query,diesel_queryable_by_name,1000,,,38513239.0,ns,72
bench_trivial_query,diesel_queryable_by_name,1000,,,31888148.0,ns,75
bench_trivial_query,diesel_queryable_by_name,1000,,,33161365.0,ns,78
bench_trivial_query,diesel_queryable_by_name,1000,,,44350818.0,ns,81
bench_trivial_query,diesel_queryable_by_name,1000,,,35283069.0,ns,84
bench_trivial_query,diesel_queryable_by_name,1000,,,36884674.0,ns,87
bench_trivial_query,diesel_queryable_by_name,1000,,,40963805.0,ns,90
bench_trivial_query,diesel_queryable_by_name,1000,,,39309219.0,ns,93
bench_trivial_query,diesel_queryable_by_name,1000,,,40592905.0,ns,96
bench_trivial_query,diesel_queryable_by_name,1000,,,53802885.0,ns,99
bench_trivial_query,diesel_queryable_by_name,1000,,,43603200.0,ns,102
bench_trivial_query,diesel_queryable_by_name,1000,,,44122834.0,ns,105
bench_trivial_query,diesel_queryable_by_name,1000,,,52198824.0,ns,108
bench_trivial_query,diesel_queryable_by_name,1000,,,57583322.0,ns,111
bench_trivial_query,diesel_queryable_by_name,1000,,,58368630.0,ns,114
bench_trivial_query,diesel_queryable_by_name,1000,,,63386487.0,ns,117
bench_trivial_query,diesel_queryable_by_name,1000,,,50684720.0,ns,120
bench_trivial_query,diesel_queryable_by_name,1000,,,52103807.0,ns,123
bench_trivial_query,diesel_queryable_by_name,1000,,,58826857.0,ns,126
bench_trivial_query,diesel_queryable_by_name,1000,,,62414129.0,ns,129
bench_trivial_query,diesel_queryable_by_name,1000,,,72029896.0,ns,132
bench_trivial_query,diesel_queryable_by_name,1000,,,56911012.0,ns,135
bench_trivial_query,diesel_queryable_by_name,1000,,,73848786.0,ns,138
bench_trivial_query,diesel_queryable_by_name,1000,,,67480847.0,ns,141
bench_trivial_query,diesel_queryable_by_name,1000,,,60742368.0,ns,144
bench_trivial_query,diesel_queryable_by_name,1000,,,62173436.0,ns,147
bench_trivial_query,diesel_queryable_by_name,1000,,,70215345.0,ns,150
bench_trivial_query,diesel_queryable_by_name,1000,,,64745288.0,ns,153
bench_trivial_query,diesel_queryable_by_name,1000,,,72241430.0,ns,156
bench_trivial_query,diesel_queryable_by_name,1000,,,67000024.0,ns,159
bench_trivial_query,diesel_queryable_by_name,1000,,,67888400.0,ns,162
bench_trivial_query,diesel_queryable_by_name,1000,,,76551055.0,ns,165
bench_trivial_query,diesel_queryable_by_name,1000,,,70152617.0,ns,168
bench_trivial_query,diesel_queryable_by_name,1000,,,91143479.0,ns,171
bench_trivial_query,diesel_queryable_by_name,1000,,,78550006.0,ns,174
bench_trivial_query,diesel_queryable_by_name,1000,,,74819014.0,ns,177
bench_trivial_query,diesel_queryable_by_name,1000,,,76164592.0,ns,180
bench_trivial_query,diesel_queryable_by_name,1000,,,77497680.0,ns,183
bench_trivial_query,diesel_queryable_by_name,1000,,,79177006.0,ns,186
bench_trivial_query,diesel_queryable_by_name,1000,,,98981297.0,ns,189
bench_trivial_query,diesel_queryable_by_name,1000,,,80335209.0,ns,192
bench_trivial_query,diesel_queryable_by_name,1000,,,90466239.0,ns,195
bench_trivial_query,diesel_queryable_by_name,1000,,,101946071.0,ns,198
bench_trivial_query,diesel_queryable_by_name,1000,,,94197621.0,ns,201
bench_trivial_query,diesel_queryable_by_name,1000,,,85577781.0,ns,204
bench_trivial_query,diesel_queryable_by_name,1000,,,97794700.0,ns,207
bench_trivial_query,diesel_queryable_by_name,1000,,,108190379.0,ns,210
bench_trivial_query,diesel_queryable_by_name,1000,,,114369063.0,ns,213
bench_trivial_query,diesel_queryable_by_name,1000,,,97567115.0,ns,216
bench_trivial_query,diesel_queryable_by_name,1000,,,110145490.0,ns,219
bench_trivial_query,diesel_queryable_by_name,1000,,,95900514.0,ns,222
bench_trivial_query,diesel_queryable_by_name,1000,,,94774621.0,ns,225
bench_trivial_query,diesel_queryable_by_name,1000,,,107492649.0,ns,228
bench_trivial_query,diesel_queryable_by_name,1000,,,97782848.0,ns,231
bench_trivial_query,diesel_queryable_by_name,1000,,,98750442.0,ns,234
bench_trivial_query,diesel_queryable_by_name,1000,,,109875226.0,ns,237
bench_trivial_query,diesel_queryable_by_name,1000,,,100410596.0,ns,240
bench_trivial_query,diesel_queryable_by_name,1000,,,115443622.0,ns,243
bench_trivial_query,diesel_queryable_by_name,1000,,,103527108.0,ns,246
bench_trivial_query,diesel_queryable_by_name,1000,,,107644261.0,ns,249
bench_trivial_query,diesel_queryable_by_name,1000,,,105742353.0,ns,252
bench_trivial_query,diesel_queryable_by_name,1000,,,120591322.0,ns,255
bench_trivial_query,diesel_queryable_by_name,1000,,,113726376.0,ns,258
bench_trivial_query,diesel_queryable_by_name,1000,,,114363724.0,ns,261
bench_trivial_query,diesel_queryable_by_name,1000,,,110150139.0,ns,264
bench_trivial_query,diesel_queryable_by_name,1000,,,145988582.0,ns,267
bench_trivial_query,diesel_queryable_by_name,1000,,,116813959.0,ns,270
bench_trivial_query,diesel_queryable_by_name,1000,,,129087514.0,ns,273
bench_trivial_query,diesel_queryable_by_name,1000,,,122812086.0,ns,276
bench_trivial_query,diesel_queryable_by_name,1000,,,117877010.0,ns,279
bench_trivial_query,diesel_queryable_by_name,1000,,,127072984.0,ns,282
bench_trivial_query,diesel_queryable_by_name,1000,,,125062177.0,ns,285
bench_trivial_query,diesel_queryable_by_name,1000,,,138132863.0,ns,288
bench_trivial_query,diesel_queryable_by_name,1000,,,123829541.0,ns,291
bench_trivial_query,diesel_queryable_by_name,1000,,,145847631.0,ns,294
bench_trivial_query,diesel_queryable_by_name,1000,,,135365132.0,ns,297
bench_trivial_query,diesel_queryable_by_name,1000,,,142262339.0,ns,300
