group,function,value,throughput_num,throughput_type,sample_measured_value,unit,iteration_count
bench_trivial_query,mysql_by_id,1,,,1183552.0,ns,18
bench_trivial_query,mysql_by_id,1,,,2135452.0,ns,36
bench_trivial_query,mysql_by_id,1,,,3193678.0,ns,54
bench_trivial_query,mysql_by_id,1,,,4585214.0,ns,72
bench_trivial_query,mysql_by_id,1,,,5019218.0,ns,90
bench_trivial_query,mysql_by_id,1,,,6899044.0,ns,108
bench_trivial_query,mysql_by_id,1,,,6785105.0,ns,126
bench_trivial_query,mysql_by_id,1,,,8073911.0,ns,144
bench_trivial_query,mysql_by_id,1,,,8791391.0,ns,162
bench_trivial_query,mysql_by_id,1,,,10417856.0,ns,180
bench_trivial_query,mysql_by_id,1,,,10799091.0,ns,198
bench_trivial_query,mysql_by_id,1,,,11321903.0,ns,216
bench_trivial_query,mysql_by_id,1,,,14795370.0,ns,234
bench_trivial_query,mysql_by_id,1,,,13986955.0,ns,252
bench_trivial_query,mysql_by_id,1,,,14132611.0,ns,270
bench_trivial_query,mysql_by_id,1,,,15017988.0,ns,288
bench_trivial_query,mysql_by_id,1,,,16646186.0,ns,306
bench_trivial_query,mysql_by_id,1,,,17174999.0,ns,324
bench_trivial_query,mysql_by_id,1,,,20042184.0,ns,342
bench_trivial_query,mysql_by_id,1,,,25247454.0,ns,360
bench_trivial_query,mysql_by_id,1,,,20753438.0,ns,378
bench_trivial_query,mysql_by_id,1,,,24824680.0,ns,396
bench_trivial_query,mysql_by_id,1,,,23342571.0,ns,414
bench_trivial_query,mysql_by_id,1,,,29816014.0,ns,432
bench_trivial_query,mysql_by_id,1,,,29291442.0,ns,450
bench_trivial_query,mysql_by_id,1,,,26141793.0,ns,468
bench_trivial_query,mysql_by_id,1,,,26670634.0,ns,486
bench_trivial_query,mysql_by_id,1,,,34678478.0,ns,504
bench_trivial_query,mysql_by_id,1,,,28130995.0,ns,522
bench_trivial_query,mysql_by_id,1,,,28353878.0,ns,540
bench_trivial_query,mysql_by_id,1,,,35046743.0,ns,558
bench_trivial_query,mysql_by_id,1,,,34473633.0,ns,576
bench_trivial_query,mysql_by_id,1,,,36696332.0,ns,594
bench_trivial_query,mysql_by_id,1,,,34480980.0,ns,612
bench_trivial_query,mysql_by_id,1,,,34155817.0,ns,630
bench_trivial_query,mysql_by_id,1,,,34300974.0,ns,648
bench_trivial_query,mysql_by_id,1,,,38633731.0,ns,666
bench_trivial_query,mysql_by_id,1,,,35704052.0,ns,684
bench_trivial_query,mysql_by_id,1,,,44335834.0,ns,702
bench_trivial_query,mysql_by_id,1,,,37720167.0,ns,720
bench_trivial_query,mysql_by_id,1,,,47985868.0,ns,738
bench_trivial_query,mysql_by_id,1,,,48688291.0,ns,756
bench_trivial_query,mysql_by_id,1,,,40688583.0,ns,774
bench_trivial_query,mysql_by_id,1,,,56108717.0,ns,792
bench_trivial_query,mysql_by_id,1,,,53907672.0,ns,810
bench_trivial_query,mysql_by_id,1,,,52129399.0,ns,828
bench_trivial_query,mysql_by_id,1,,,43269914.0,ns,846
bench_trivial_query,mysql_by_id,1,,,47309043.0,ns,864
bench_trivial_query,mysql_by_id,1,,,49815084.0,ns,882
bench_trivial_query,mysql_by_id,1,,,59517740.0,ns,900
bench_trivial_query,mysql_by_id,1,,,48922632.0,ns,918
bench_trivial_query,mysql_by_id,1,,,52538260.0,ns,936
bench_trivial_query,mysql_by_id,1,,,51689337.0,ns,954
bench_trivial_query,mysql_by_id,1,,,54481939.0,ns,972
bench_trivial_query,mysql_by_id,1,,,53149453.0,ns,990
bench_trivial_query,mysql_by_id,1,,,68632675.0,ns,1008
bench_trivial_query,mysql_by_id,1,,,56337080.0,ns,1026
bench_trivial_query,mysql_by_id,1,,,55579450.0,ns,1044
bench_trivial_query,mysql_by_id,1,,,56279580.0,ns,1062
bench_trivial_query,mysql_by_id,1,,,71716426.0,ns,1080
bench_trivial_query,mysql_by_id,1,,,59632962.0,ns,1098
bench_trivial_query,mysql_by_id,1,,,59426559.0,ns,1116
bench_trivial_query,mysql_by_id,1,,,75471586.0,ns,1134
bench_trivial_query,mysql_by_id,1,,,61581809.0,ns,1152
bench_trivial_query,mysql_by_id,1,,,60837774.0,ns,1170
bench_trivial_query,mysql_by_id,1,,,63203854.0,ns,1188
bench_trivial_query,mysql_by_id,1,,,68393945.0,ns,1206
bench_trivial_query,mysql_by_id,1,,,70870700.0,ns,1224
bench_trivial_query,mysql_by_id,1,,,70350716.0,ns,1242
bench_trivial_query,mysql_by_id,1,,,87381182.0,ns,1260
bench_trivial_query,mysql_by_id,1,,,71802779.0,ns,1278
bench_trivial_query,mysql_by_id,1,,,79187095.0,ns,1296
bench_trivial_query,mysql_by_id,1,,,75518906.0,ns,1314
bench_trivial_query,mysql_by_id,1,,,74556244.0,ns,1332
bench_trivial_query,mysql_by_id,1,,,70543307.0,ns,1350
bench_trivial_query,mysql_by_id,1,,,74406173.0,ns,1368
bench_trivial_query,mysql_by_id,1,,,82355446.0,ns,1386
bench_trivial_query,mysql_by_id,1,,,88776126.0,ns,1404
bench_trivial_query,mysql_by_id,1,,,93678370.0,ns,1422
bench_trivial_query,mysql_by_id,1,,,87764976.0,ns,1440
bench_trivial_query,mysql_by_id,1,,,77443228.0,ns,1458
bench_trivial_query,mysql_by_id,1,,,79205227.0,ns,1476
bench_trivial_query,mysql_by_id,1,,,93524331.0,ns,1494
bench_trivial_query,mysql_by_id,1,,,82985513.0,ns,1512
bench_trivial_query,mysql_by_id,1,,,82778488.0,ns,1530
bench_trivial_query,mysql_by_id,1,,,90888148.0,ns,1548
bench_trivial_query,mysql_by_id,1,,,88531526.0,ns,1566
bench_trivial_query,mysql_by_id,1,,,91881653.0,ns,1584
bench_trivial_query,mysql_by_id,1,,,88300761.0,ns,1602
bench_trivial_query,mysql_by_id,1,,,86311897.0,ns,1620
bench_trivial_query,mysql_by_id,1,,,94081276.0,ns,1638
bench_trivial_query,mysql_by_id,1,,,87469392.0,ns,1656
bench_trivial_query,mysql_by_id,1,,,88150400.0,ns,1674
bench_trivial_query,mysql_by_id,1,,,94782695.0,ns,1692
bench_trivial_query,mysql_by_id,1,,,105379722.0,ns,1710
bench_trivial_query,mysql_by_id,1,,,95627980.0,ns,1728
bench_trivial_query,mysql_by_id,1,,,108819657.0,ns,1746
bench_trivial_query,mysql_by_id,1,,,94089480.0,ns,1764
bench_trivial_query,mysql_by_id,1,,,112322258.0,ns,1782
bench_trivial_query,mysql_by_id,1,,,117220730.0,ns,1800
