group,function,value,throughput_num,throughput_type,sample_measured_value,unit,iteration_count
bench_trivial_query,diesel_queryable_by_name,1000,,,1231512.0,ns,3
bench_trivial_query,diesel_queryable_by_name,1000,,,2428424.0,ns,6
bench_trivial_query,diesel_queryable_by_name,1000,,,3452034.0,ns,9
bench_trivial_query,diesel_queryable_by_name,1000,,,4898949.0,ns,12
bench_trivial_query,diesel_queryable_by_name,1000,,,6127861.0,ns,15
bench_trivial_query,diesel_queryable_by_name,1000,,,7257472.0,ns,18
bench_trivial_query,diesel_queryable_by_name,1000,,,7558875.0,ns,21
bench_trivial_query,diesel_queryable_by_name,1000,,,9238791.0,ns,24
bench_trivial_query,diesel_queryable_by_name,1000,,,9928698.0,ns,27
bench_trivial_query,diesel_queryable_by_name,1000,,,11796217.0,ns,30
bench_trivial_query,diesel_queryable_by_name,1000,,,12662025.0,ns,33
bench_trivial_query,diesel_queryable_by_name,1000,,,14074339.0,ns,36
bench_trivial_query,diesel_queryable_by_name,1000,,,15147650.0,ns,39
bench_trivial_query,diesel_queryable_by_name,1000,,,15582754.0,ns,42
bench_trivial_query,diesel_queryable_by_name,1000,,,17199770.0,ns,45
bench_trivial_query,diesel_queryable_by_name,1000,,,18544985.0,ns,48
bench_trivial_query,diesel_queryable_by_name,1000,,,18882324.0,ns,51
bench_trivial_query,diesel_queryable_by_name,1000,,,20390942.0,ns,54
bench_trivial_query,diesel_queryable_by_name,1000,,,20497043.0,ns,57
bench_trivial_query,diesel_queryable_by_name,1000,,,24202887.0,ns,60
bench_trivial_query,diesel_queryable_by_name,1000,,,23632881.0,ns,63
bench_trivial_query,diesel_queryable_by_name,1000,,,23711982.0,ns,66
bench_trivial_query,diesel_queryable_by_name,1000,,,27188222.0,ns,69
bench_trivial_query,diesel_queryable_by_name,1000,,,25891207.0,ns,72
bench_trivial_query,diesel_queryable_by_name,1000,,,28986144.0,ns,75
bench_trivial_query,diesel_queryable_by_name,1000,,,29679452.0,ns,78
bench_trivial_query,diesel_queryable_by_name,1000,,,41319390.0,ns,81
bench_trivial_query,diesel_queryable_by_name,1000,,,30623363.0,ns,84
bench_trivial_query,diesel_queryable_by_name,1000,,,33568298.0,ns,87
bench_trivial_query,diesel_queryable_by_name,1000,,,35790424.0,ns,90
bench_trivial_query,diesel_queryable_by_name,1000,,,35135717.0,ns,93
bench_trivial_query,diesel_queryable_by_name,1000,,,35584123.0,ns,96
bench_trivial_query,diesel_queryable_by_name,1000,,,36839637.0,ns,99
bench_trivial_query,diesel_queryable_by_name,1000,,,36494834.0,ns,102
bench_trivial_query,diesel_queryable_by_name,1000,,,40064276.0,ns,105
bench_trivial_query,diesel_queryable_by_name,1000,,,40475280.0,ns,108
bench_trivial_query,diesel_queryable_by_name,1000,,,41530893.0,ns,111
bench_trivial_query,diesel_queryable_by_name,1000,,,43000710.0,ns,114
bench_trivial_query,diesel_queryable_by_name,1000,,,43248813.0,ns,117
bench_trivial_query,diesel_queryable_by_name,1000,,,43976222.0,ns,120
bench_trivial_query,diesel_queryable_by_name,1000,,,45764643.0,ns,123
bench_trivial_query,diesel_queryable_by_name,1000,,,48383476.0,ns,126
bench_trivial_query,diesel_queryable_by_name,1000,,,55050756.0,ns,129
bench_trivial_query,diesel_queryable_by_name,1000,,,48886882.0,ns,132
bench_trivial_query,diesel_queryable_by_name,1000,,,51118809.0,ns,135
bench_trivial_query,diesel_queryable_by_name,1000,,,48450677.0,ns,138
bench_trivial_query,diesel_queryable_by_name,1000,,,65437379.0,ns,141
bench_trivial_query,diesel_queryable_by_name,1000,,,52944731.0,ns,144
bench_trivial_query,diesel_queryable_by_name,1000,,,62977750.0,ns,147
bench_trivial_query,diesel_queryable_by_name,1000,,,57430184.0,ns,150
bench_trivial_query,diesel_queryable_by_name,1000,,,60347519.0,ns,153
bench_trivial_query,diesel_queryable_by_name,1000,,,59292706.0,ns,156
bench_trivial_query,diesel_queryable_by_name,1000,,,62091640.0,ns,159
bench_trivial_query,diesel_queryable_by_name,1000,,,64031262.0,ns,162
bench_trivial_query,diesel_queryable_by_name,1000,,,65171176.0,ns,165
bench_trivial_query,diesel_queryable_by_name,1000,,,66523792.0,ns,168
bench_trivial_query,diesel_queryable_by_name,1000,,,68366414.0,ns,171
bench_trivial_query,diesel_queryable_by_name,1000,,,67521904.0,ns,174
bench_trivial_query,diesel_queryable_by_name,1000,,,67769507.0,ns,177
bench_trivial_query,diesel_queryable_by_name,1000,,,70623241.0,ns,180
bench_trivial_query,diesel_queryable_by_name,1000,,,70928044.0,ns,183
bench_trivial_query,diesel_queryable_by_name,1000,,,72855368.0,ns,186
bench_trivial_query,diesel_queryable_by_name,1000,,,73462675.0,ns,189
bench_trivial_query,diesel_queryable_by_name,1000,,,72554464.0,ns,192
bench_trivial_query,diesel_queryable_by_name,1000,,,73166871.0,ns,195
bench_trivial_query,diesel_queryable_by_name,1000,,,78039029.0,ns,198
bench_trivial_query,diesel_queryable_by_name,1000,,,77778027.0,ns,201
bench_trivial_query,diesel_queryable_by_name,1000,,,80249356.0,ns,204
bench_trivial_query,diesel_queryable_by_name,1000,,,86498030.0,ns,207
bench_trivial_query,diesel_queryable_by_name,1000,,,88549054.0,ns,210
bench_trivial_query,diesel_queryable_by_name,1000,,,82365181.0,ns,213
bench_trivial_query,diesel_queryable_by_name,1000,,,86988736.0,ns,216
bench_trivial_query,diesel_queryable_by_name,1000,,,88831558.0,ns,219
bench_trivial_query,diesel_queryable_by_name,1000,,,87507942.0,ns,222
bench_trivial_query,diesel_queryable_by_name,1000,,,98180469.0,ns,225
bench_trivial_query,diesel_queryable_by_name,1000,,,88098449.0,ns,228
bench_trivial_query,diesel_queryable_by_name,1000,,,90496177.0,ns,231
bench_trivial_query,diesel_queryable_by_name,1000,,,91187585.0,ns,234
bench_trivial_query,diesel_queryable_by_name,1000,,,93240511.0,ns,237
bench_trivial_query,diesel_queryable_by_name,1000,,,94427524.0,ns,240
bench_trivial_query,diesel_queryable_by_name,1000,,,94150421.0,ns,243
bench_trivial_query,diesel_queryable_by_name,1000,,,100914602.0,ns,246
bench_trivial_query,diesel_queryable_by_name,1000,,,97339459.0,ns,249
bench_trivial_query,diesel_queryable_by_name,1000,,,94378024.0,ns,252
bench_trivial_query,diesel_queryable_by_name,1000,,,95737140.0,ns,255
bench_trivial_query,diesel_queryable_by_name,1000,,,95024431.0,ns,258
bench_trivial_query,diesel_queryable_by_name,1000,,,103063427.0,ns,261
bench_trivial_query,diesel_queryable_by_name,1000,,,105977862.0,ns,264
bench_trivial_query,diesel_queryable_by_name,1000,,,106338866.0,ns,267
bench_trivial_query,diesel_queryable_by_name,1000,,,109645306.0,ns,270
bench_trivial_query,diesel_queryable_by_name,1000,,,108401490.0,ns,273
bench_trivial_query,diesel_queryable_by_name,1000,,,104302142.0,ns,276
bench_trivial_query,diesel_queryable_by_name,1000,,,116094783.0,ns,279
bench_trivial_query,diesel_queryable_by_name,1000,,,109038199.0,ns,282
bench_trivial_query,diesel_queryable_by_name,1000,,,110519116.0,ns,285
bench_trivial_query,diesel_queryable_by_name,1000,,,111125723.0,ns,288
bench_trivial_query,diesel_queryable_by_name,1000,,,111065122.0,ns,291
bench_trivial_query,diesel_queryable_by_name,1000,,,111361926.0,ns,294
bench_trivial_query,diesel_queryable_by_name,1000,,,112706442.0,ns,297
bench_trivial_query,diesel_queryable_by_name,1000,,,127197414.0,ns,300
