group,function,value,throughput_num,throughput_type,sample_measured_value,unit,iteration_count
bench_medium_complex_query,postgres_by_name,100,,,1485828.0,ns,6
bench_medium_complex_query,postgres_by_name,100,,,2597450.0,ns,12
bench_medium_complex_query,postgres_by_name,100,,,3780872.0,ns,18
bench_medium_complex_query,postgres_by_name,100,,,4848793.0,ns,24
bench_medium_complex_query,postgres_by_name,100,,,6159818.0,ns,30
bench_medium_complex_query,postgres_by_name,100,,,7064736.0,ns,36
bench_medium_complex_query,postgres_by_name,100,,,8179857.0,ns,42
bench_medium_complex_query,postgres_by_name,100,,,9363580.0,ns,48
bench_medium_complex_query,postgres_by_name,100,,,10546302.0,ns,54
bench_medium_complex_query,postgres_by_name,100,,,11563622.0,ns,60
bench_medium_complex_query,postgres_by_name,100,,,12698644.0,ns,66
bench_medium_complex_query,postgres_by_name,100,,,14374076.0,ns,72
bench_medium_complex_query,postgres_by_name,100,,,15078889.0,ns,78
bench_medium_complex_query,postgres_by_name,100,,,16014208.0,ns,84
bench_medium_complex_query,postgres_by_name,100,,,17264532.0,ns,90
bench_medium_complex_query,postgres_by_name,100,,,18520956.0,ns,96
bench_medium_complex_query,postgres_by_name,100,,,19604776.0,ns,102
bench_medium_complex_query,postgres_by_name,100,,,20689598.0,ns,108
bench_medium_complex_query,postgres_by_name,100,,,21745018.0,ns,114
bench_medium_complex_query,postgres_by_name,100,,,22794338.0,ns,120
bench_medium_complex_query,postgres_by_name,100,,,23963860.0,ns,126
bench_medium_complex_query,postgres_by_name,100,,,25161583.0,ns,132
bench_medium_complex_query,postgres_by_name,100,,,26639611.0,ns,138
bench_medium_complex_query,postgres_by_name,100,,,27457827.0,ns,144
bench_medium_complex_query,postgres_by_name,100,,,28355345.0,ns,150
bench_medium_complex_query,postgres_by_name,100,,,29591568.0,ns,156
bench_medium_complex_query,postgres_by_name,100,,,31312901.0,ns,162
bench_medium_complex_query,postgres_by_name,100,,,31956511.0,ns,168
bench_medium_complex_query,postgres_by_name,100,,,33325937.0,ns,174
bench_medium_complex_query,postgres_by_name,100,,,34398458.0,ns,180
bench_medium_complex_query,postgres_by_name,100,,,35233074.0,ns,186
bench_medium_complex_query,postgres_by_name,100,,,36693501.0,ns,192
bench_medium_complex_query,postgres_by_name,100,,,37491417.0,ns,198
bench_medium_complex_query,postgres_by_name,100,,,38858743.0,ns,204
bench_medium_complex_query,postgres_by_name,100,,,40167668.0,ns,210
bench_medium_complex_query,postgres_by_name,100,,,41877901.0,ns,216
bench_medium_complex_query,postgres_by_name,100,,,41883201.0,ns,222
bench_medium_complex_query,postgres_by_name,100,,,43570333.0,ns,228
bench_medium_complex_query,postgres_by_name,100,,,44361548.0,ns,234
bench_medium_complex_query,postgres_by_name,100,,,45522570.0,ns,240
bench_medium_complex_query,postgres_by_name,100,,,46485189.0,ns,246
bench_medium_complex_query,postgres_by_name,100,,,47626611.0,ns,252
bench_medium_complex_query,postgres_by_name,100,,,48549128.0,ns,258
bench_medium_complex_query,postgres_by_name,100,,,50739171.0,ns,264
bench_medium_complex_query,postgres_by_name,100,,,50966475.0,ns,270
bench_medium_complex_query,postgres_by_name,100,,,52283800.0,ns,276
bench_medium_complex_query,postgres_by_name,100,,,53786329.0,ns,282
bench_medium_complex_query,postgres_by_name,100,,,54191036.0,ns,288
bench_medium_complex_query,postgres_by_name,100,,,55886469.0,ns,294
bench_medium_complex_query,postgres_by_name,100,,,56702684.0,ns,300
bench_medium_complex_query,postgres_by_name,100,,,58031609.0,ns,306
bench_medium_complex_query,postgres_by_name,100,,,59497438.0,ns,312
bench_medium_complex_query,postgres_by_name,100,,,60485757.0,ns,318
bench_medium_complex_query,postgres_by_name,100,,,61652279.0,ns,324
bench_medium_complex_query,postgres_by_name,100,,,62314492.0,ns,330
bench_medium_complex_query,postgres_by_name,100,,,63693418.0,ns,336
bench_medium_complex_query,postgres_by_name,100,,,65372450.0,ns,342
bench_medium_complex_query,postgres_by_name,100,,,66078163.0,ns,348
bench_medium_complex_query,postgres_by_name,100,,,66549672.0,ns,354
bench_medium_complex_query,postgres_by_name,100,,,67826897.0,ns,360
bench_medium_complex_query,postgres_by_name,100,,,68891618.0,ns,366
bench_medium_complex_query,postgres_by_name,100,,,70328045.0,ns,372
bench_medium_complex_query,postgres_by_name,100,,,70859855.0,ns,378
bench_medium_complex_query,postgres_by_name,100,,,73113998.0,ns,384
bench_medium_complex_query,postgres_by_name,100,,,73601507.0,ns,390
bench_medium_complex_query,postgres_by_name,100,,,74782330.0,ns,396
bench_medium_complex_query,postgres_by_name,100,,,75516944.0,ns,402
bench_medium_complex_query,postgres_by_name,100,,,77001472.0,ns,408
bench_medium_complex_query,postgres_by_name,100,,,78013291.0,ns,414
bench_medium_complex_query,postgres_by_name,100,,,80099632.0,ns,420
bench_medium_complex_query,postgres_by_name,100,,,80668042.0,ns,426
bench_medium_complex_query,postgres_by_name,100,,,81938567.0,ns,432
bench_medium_complex_query,postgres_by_name,100,,,82928886.0,ns,438
bench_medium_complex_query,postgres_by_name,100,,,83789602.0,ns,444
bench_medium_complex_query,postgres_by_name,100,,,85352532.0,ns,450
bench_medium_complex_query,postgres_by_name,100,,,85782940.0,ns,456
bench_medium_complex_query,postgres_by_name,100,,,87421572.0,ns,462
bench_medium_complex_query,postgres_by_name,100,,,92373966.0,ns,468
bench_medium_complex_query,postgres_by_name,100,,,89779217.0,ns,474
bench_medium_complex_query,postgres_by_name,100,,,90657433.0,ns,480
bench_medium_complex_query,postgres_by_name,100,,,90982440.0,ns,486
bench_medium_complex_query,postgres_by_name,100,,,93084380.0,ns,492
bench_medium_complex_query,postgres_by_name,100,,,93924796.0,ns,498
bench_medium_complex_query,postgres_by_name,100,,,94705011.0,ns,504
bench_medium_complex_query,postgres_by_name,100,,,96136039.0,ns,510
bench_medium_complex_query,postgres_by_name,100,,,102246956.0,ns,516
bench_medium_complex_query,postgres_by_name,100,,,98291480.0,ns,522
bench_medium_complex_query,postgres_by_name,100,,,99556803.0,ns,528
bench_medium_complex_query,postgres_by_name,100,,,101553242.0,ns,534
bench_medium_complex_query,postgres_by_name,100,,,102110953.0,ns,540
bench_medium_complex_query,postgres_by_name,100,,,103126372.0,ns,546
bench_medium_complex_query,postgres_by_name,100,,,103828285.0,ns,552
bench_medium_complex_query,postgres_by_name,100,,,105983327.0,ns,558
bench_medium_complex_query,postgres_by_name,100,,,106691940.0,ns,564
bench_medium_complex_query,postgres_by_name,100,,,107680159.0,ns,570
bench_medium_complex_query,postgres_by_name,100,,,109664497.0,ns,576
bench_medium_complex_query,postgres_by_name,100,,,110692016.0,ns,582
bench_medium_complex_query,postgres_by_name,100,,,110748518.0,ns,588
bench_medium_complex_query,postgres_by_name,100,,,112947060.0,ns,594
bench_medium_complex_query,postgres_by_name,100,,,113470470.0,ns,600
