group,function,value,throughput_num,throughput_type,sample_measured_value,unit,iteration_count
bench_medium_complex_query,postgres_by_name,10,,,2059825.0,ns,14
bench_medium_complex_query,postgres_by_name,10,,,2755083.0,ns,28
bench_medium_complex_query,postgres_by_name,10,,,4303428.0,ns,42
bench_medium_complex_query,postgres_by_name,10,,,4666611.0,ns,56
bench_medium_complex_query,postgres_by_name,10,,,5495949.0,ns,70
bench_medium_complex_query,postgres_by_name,10,,,7501086.0,ns,84
bench_medium_complex_query,postgres_by_name,10,,,7850751.0,ns,98
bench_medium_complex_query,postgres_by_name,10,,,8581579.0,ns,112
bench_medium_complex_query,postgres_by_name,10,,,9580734.0,ns,126
bench_medium_complex_query,postgres_by_name,10,,,12230971.0,ns,140
bench_medium_complex_query,postgres_by_name,10,,,11512711.0,ns,154
bench_medium_complex_query,postgres_by_name,10,,,16162972.0,ns,168
bench_medium_complex_query,postgres_by_name,10,,,13656634.0,ns,182
bench_medium_complex_query,postgres_by_name,10,,,14018041.0,ns,196
bench_medium_complex_query,postgres_by_name,10,,,19700285.0,ns,210
bench_medium_complex_query,postgres_by_name,10,,,16568719.0,ns,224
bench_medium_complex_query,postgres_by_name,10,,,17186018.0,ns,238
bench_medium_complex_query,postgres_by_name,10,,,17896018.0,ns,252
bench_medium_complex_query,postgres_by_name,10,,,24622034.0,ns,266
bench_medium_complex_query,postgres_by_name,10,,,19906711.0,ns,280
bench_medium_complex_query,postgres_by_name,10,,,22026573.0,ns,294
bench_medium_complex_query,postgres_by_name,10,,,22460729.0,ns,308
bench_medium_complex_query,postgres_by_name,10,,,23241316.0,ns,322
bench_medium_complex_query,postgres_by_name,10,,,31469686.0,ns,336
bench_medium_complex_query,postgres_by_name,10,,,32717175.0,ns,350
bench_medium_complex_query,postgres_by_name,10,,,26201261.0,ns,364
bench_medium_complex_query,postgres_by_name,10,,,30595729.0,ns,378
bench_medium_complex_query,postgres_by_name,10,,,28230895.0,ns,392
bench_medium_complex_query,postgres_by_name,10,,,31447176.0,ns,406
bench_medium_complex_query,postgres_by_name,10,,,30418574.0,ns,420
bench_medium_complex_query,postgres_by_name,10,,,40731416.0,ns,434
bench_medium_complex_query,postgres_by_name,10,,,35769009.0,ns,448
bench_medium_complex_query,postgres_by_name,10,,,33198874.0,ns,462
bench_medium_complex_query,postgres_by_name,10,,,44180924.0,ns,476
bench_medium_complex_query,postgres_by_name,10,,,35944409.0,ns,490
bench_medium_complex_query,postgres_by_name,10,,,44156413.0,ns,504
bench_medium_complex_query,postgres_by_name,10,,,40882889.0,ns,518
bench_medium_complex_query,postgres_by_name,10,,,38924262.0,ns,532
bench_medium_complex_query,postgres_by_name,10,,,50575963.0,ns,546
bench_medium_complex_query,postgres_by_name,10,,,41175939.0,ns,560
bench_medium_complex_query,postgres_by_name,10,,,41636745.0,ns,574
bench_medium_complex_query,postgres_by_name,10,,,44215441.0,ns,588
bench_medium_complex_query,postgres_by_name,10,,,56578808.0,ns,602
bench_medium_complex_query,postgres_by_name,10,,,44191878.0,ns,616
bench_medium_complex_query,postgres_by_name,10,,,58739032.0,ns,630
bench_medium_complex_query,postgres_by_name,10,,,59435591.0,ns,644
bench_medium_complex_query,postgres_by_name,10,,,47865958.0,ns,658
bench_medium_complex_query,postgres_by_name,10,,,48953818.0,ns,672
bench_medium_complex_query,postgres_by_name,10,,,49877796.0,ns,686
bench_medium_complex_query,postgres_by_name,10,,,51580274.0,ns,700
bench_medium_complex_query,postgres_by_name,10,,,51723678.0,ns,714
bench_medium_complex_query,postgres_by_name,10,,,64638519.0,ns,728
bench_medium_complex_query,postgres_by_name,10,,,52998328.0,ns,742
bench_medium_complex_query,postgres_by_name,10,,,69891219.0,ns,756
bench_medium_complex_query,postgres_by_name,10,,,54884202.0,ns,770
bench_medium_complex_query,postgres_by_name,10,,,69636339.0,ns,784
bench_medium_complex_query,postgres_by_name,10,,,57115042.0,ns,798
bench_medium_complex_query,postgres_by_name,10,,,58931671.0,ns,812
bench_medium_complex_query,postgres_by_name,10,,,68580533.0,ns,826
bench_medium_complex_query,postgres_by_name,10,,,60668924.0,ns,840
bench_medium_complex_query,postgres_by_name,10,,,77968598.0,ns,854
bench_medium_complex_query,postgres_by_name,10,,,65152459.0,ns,868
bench_medium_complex_query,postgres_by_name,10,,,65254705.0,ns,882
bench_medium_complex_query,postgres_by_name,10,,,64762065.0,ns,896
bench_medium_complex_query,postgres_by_name,10,,,66055266.0,ns,910
bench_medium_complex_query,postgres_by_name,10,,,68706168.0,ns,924
bench_medium_complex_query,postgres_by_name,10,,,67517708.0,ns,938
bench_medium_complex_query,postgres_by_name,10,,,68611751.0,ns,952
bench_medium_complex_query,postgres_by_name,10,,,73422922.0,ns,966
bench_medium_complex_query,postgres_by_name,10,,,70776389.0,ns,980
bench_medium_complex_query,postgres_by_name,10,,,73898624.0,ns,994
bench_medium_complex_query,postgres_by_name,10,,,89328393.0,ns,1008
bench_medium_complex_query,postgres_by_name,10,,,85163183.0,ns,1022
bench_medium_complex_query,postgres_by_name,10,,,86225221.0,ns,1036
bench_medium_complex_query,postgres_by_name,10,,,75728897.0,ns,1050
bench_medium_complex_query,postgres_by_name,10,,,78331670.0,ns,1064
bench_medium_complex_query,postgres_by_name,10,,,85236435.0,ns,1078
bench_medium_complex_query,postgres_by_name,10,,,81248291.0,ns,1092
bench_medium_complex_query,postgres_by_name,10,,,93821049.0,ns,1106
bench_medium_complex_query,postgres_by_name,10,,,85937394.0,ns,1120
bench_medium_complex_query,postgres_by_name,10,,,93608837.0,ns,1134
bench_medium_complex_query,postgres_by_name,10,,,99802627.0,ns,1148
bench_medium_complex_query,postgres_by_name,10,,,85156814.0,ns,1162
bench_medium_complex_query,postgres_by_name,10,,,97817425.0,ns,1176
bench_medium_complex_query,postgres_by_name,10,,,91819593.0,ns,1190
bench_medium_complex_query,postgres_by_name,10,,,109291440.0,ns,1204
bench_medium_complex_query,postgres_by_name,10,,,86644223.0,ns,1218
bench_medium_complex_query,postgres_by_name,10,,,93991940.0,ns,1232
bench_medium_complex_query,postgres_by_name,10,,,96216242.0,ns,1246
bench_medium_complex_query,postgres_by_name,10,,,90576634.0,ns,1260
bench_medium_complex_query,postgres_by_name,10,,,92534479.0,ns,1274
bench_medium_complex_query,postgres_by_name,10,,,119881128.0,ns,1288
bench_medium_complex_query,postgres_by_name,10,,,97167843.0,ns,1302
bench_medium_complex_query,postgres_by_name,10,,,95136636.0,ns,1316
bench_medium_complex_query,postgres_by_name,10,,,98101840.0,ns,1330
bench_medium_complex_query,postgres_by_name,10,,,108333122.0,ns,1344
bench_medium_complex_query,postgres_by_name,10,,,104251045.0,ns,1358
bench_medium_complex_query,postgres_by_name,10,,,100454758.0,ns,1372
bench_medium_complex_query,postgres_by_name,10,,,110345221.0,ns,1386
bench_medium_complex_query,postgres_by_name,10,,,104039214.0,ns,1400
