group,function,value,throughput_num,throughput_type,sample_measured_value,unit,iteration_count
bench_trivial_query,mysql_by_id,100,,,1136022.0,ns,7
bench_trivial_query,mysql_by_id,100,,,2275244.0,ns,14
bench_trivial_query,mysql_by_id,100,,,3361466.0,ns,21
bench_trivial_query,mysql_by_id,100,,,4450787.0,ns,28
bench_trivial_query,mysql_by_id,100,,,5793013.0,ns,35
bench_trivial_query,mysql_by_id,100,,,6397425.0,ns,42
bench_trivial_query,mysql_by_id,100,,,7645249.0,ns,49
bench_trivial_query,mysql_by_id,100,,,8656069.0,ns,56
bench_trivial_query,mysql_by_id,100,,,10028595.0,ns,63
bench_trivial_query,mysql_by_id,100,,,10904712.0,ns,70
bench_trivial_query,mysql_by_id,100,,,11704327.0,ns,77
bench_trivial_query,mysql_by_id,100,,,13266559.0,ns,84
bench_trivial_query,mysql_by_id,100,,,14069374.0,ns,91
bench_trivial_query,mysql_by_id,100,,,15098994.0,ns,98
bench_trivial_query,mysql_by_id,100,,,16085413.0,ns,105
bench_trivial_query,mysql_by_id,100,,,17109633.0,ns,112
bench_trivial_query,mysql_by_id,100,,,18013251.0,ns,119
bench_trivial_query,mysql_by_id,100,,,19280576.0,ns,126
bench_trivial_query,mysql_by_id,100,,,20143892.0,ns,133
bench_trivial_query,mysql_by_id,100,,,21347415.0,ns,140
bench_trivial_query,mysql_by_id,100,,,22486638.0,ns,147
bench_trivial_query,mysql_by_id,100,,,23229552.0,ns,154
bench_trivial_query,mysql_by_id,100,,,24644580.0,ns,161
bench_trivial_query,mysql_by_id,100,,,25457496.0,ns,168
bench_trivial_query,mysql_by_id,100,,,26096208.0,ns,175
bench_trivial_query,mysql_by_id,100,,,28237550.0,ns,182
bench_trivial_query,mysql_by_id,100,,,29137567.0,ns,189
bench_trivial_query,mysql_by_id,100,,,30102786.0,ns,196
bench_trivial_query,mysql_by_id,100,,,30592796.0,ns,203
bench_trivial_query,mysql_by_id,100,,,32462932.0,ns,210
bench_trivial_query,mysql_by_id,100,,,32877940.0,ns,217
bench_trivial_query,mysql_by_id,100,,,33828559.0,ns,224
bench_trivial_query,mysql_by_id,100,,,35026082.0,ns,231
bench_trivial_query,mysql_by_id,100,,,36158204.0,ns,238
bench_trivial_query,mysql_by_id,100,,,37222125.0,ns,245
bench_trivial_query,mysql_by_id,100,,,38642152.0,ns,252
bench_trivial_query,mysql_by_id,100,,,38590051.0,ns,259
bench_trivial_query,mysql_by_id,100,,,40836295.0,ns,266
bench_trivial_query,mysql_by_id,100,,,42171421.0,ns,273
bench_trivial_query,mysql_by_id,100,,,43003337.0,ns,280
bench_trivial_query,mysql_by_id,100,,,49075256.0,ns,287
bench_trivial_query,mysql_by_id,100,,,44959776.0,ns,294
bench_trivial_query,mysql_by_id,100,,,45010576.0,ns,301
bench_trivial_query,mysql_by_id,100,,,46606207.0,ns,308
bench_trivial_query,mysql_by_id,100,,,47885432.0,ns,315
bench_trivial_query,mysql_by_id,100,,,48153338.0,ns,322
bench_trivial_query,mysql_by_id,100,,,49176857.0,ns,329
bench_trivial_query,mysql_by_id,100,,,50524984.0,ns,336
bench_trivial_query,mysql_by_id,100,,,51666605.0,ns,343
bench_trivial_query,mysql_by_id,100,,,52995932.0,ns,350
bench_trivial_query,mysql_by_id,100,,,54540361.0,ns,357
bench_trivial_query,mysql_by_id,100,,,55284776.0,ns,364
bench_trivial_query,mysql_by_id,100,,,60797284.0,ns,371
bench_trivial_query,mysql_by_id,100,,,57049410.0,ns,378
bench_trivial_query,mysql_by_id,100,,,57353717.0,ns,385
bench_trivial_query,mysql_by_id,100,,,59824664.0,ns,392
bench_trivial_query,mysql_by_id,100,,,59234053.0,ns,399
bench_trivial_query,mysql_by_id,100,,,60962087.0,ns,406
bench_trivial_query,mysql_by_id,100,,,61930606.0,ns,413
bench_trivial_query,mysql_by_id,100,,,64165450.0,ns,420
bench_trivial_query,mysql_by_id,100,,,65107767.0,ns,427
bench_trivial_query,mysql_by_id,100,,,66975503.0,ns,434
bench_trivial_query,mysql_by_id,100,,,68979234.0,ns,441
bench_trivial_query,mysql_by_id,100,,,67432604.0,ns,448
bench_trivial_query,mysql_by_id,100,,,69946153.0,ns,455
bench_trivial_query,mysql_by_id,100,,,69651247.0,ns,462
bench_trivial_query,mysql_by_id,100,,,70594965.0,ns,469
bench_trivial_query,mysql_by_id,100,,,71098975.0,ns,476
bench_trivial_query,mysql_by_id,100,,,73320818.0,ns,483
bench_trivial_query,mysql_by_id,100,,,76009570.0,ns,490
bench_trivial_query,mysql_by_id,100,,,76366776.0,ns,497
bench_trivial_query,mysql_by_id,100,,,76507780.0,ns,504
bench_trivial_query,mysql_by_id,100,,,81177870.0,ns,511
bench_trivial_query,mysql_by_id,100,,,78287514.0,ns,518
bench_trivial_query,mysql_by_id,100,,,79420136.0,ns,525
bench_trivial_query,mysql_by_id,100,,,80858364.0,ns,532
bench_trivial_query,mysql_by_id,100,,,80515157.0,ns,539
bench_trivial_query,mysql_by_id,100,,,82426594.0,ns,546
bench_trivial_query,mysql_by_id,100,,,83918023.0,ns,553
bench_trivial_query,mysql_by_id,100,,,85158147.0,ns,560
bench_trivial_query,mysql_by_id,100,,,87128285.0,ns,567
bench_trivial_query,mysql_by_id,100,,,90274446.0,ns,574
bench_trivial_query,mysql_by_id,100,,,86016863.0,ns,581
bench_trivial_query,mysql_by_id,100,,,88134304.0,ns,588
bench_trivial_query,mysql_by_id,100,,,90234545.0,ns,595
bench_trivial_query,mysql_by_id,100,,,90128343.0,ns,602
bench_trivial_query,mysql_by_id,100,,,93509308.0,ns,609
bench_trivial_query,mysql_by_id,100,,,95134539.0,ns,616
bench_trivial_query,mysql_by_id,100,,,96413365.0,ns,623
bench_trivial_query,mysql_by_id,100,,,99768229.0,ns,630
bench_trivial_query,mysql_by_id,100,,,97104678.0,ns,637
bench_trivial_query,mysql_by_id,100,,,96609268.0,ns,644
bench_trivial_query,mysql_by_id,100,,,97970995.0,ns,651
bench_trivial_query,mysql_by_id,100,,,100056835.0,ns,658
bench_trivial_query,mysql_by_id,100,,,101148457.0,ns,665
bench_trivial_query,mysql_by_id,100,,,103675805.0,ns,672
bench_trivial_query,mysql_by_id,100,,,107017670.0,ns,679
bench_trivial_query,mysql_by_id,100,,,142182250.0,ns,686
bench_trivial_query,mysql_by_id,100,,,237573494.0,ns,693
bench_trivial_query,mysql_by_id,100,,,106612762.0,ns,700
