group,function,value,throughput_num,throughput_type,sample_measured_value,unit,iteration_count
bench_trivial_query,postgres_by_id,10,,,973354.0,ns,16
bench_trivial_query,postgres_by_id,10,,,1881135.0,ns,32
bench_trivial_query,postgres_by_id,10,,,2774890.0,ns,48
bench_trivial_query,postgres_by_id,10,,,4753847.0,ns,64
bench_trivial_query,postgres_by_id,10,,,4746965.0,ns,80
bench_trivial_query,postgres_by_id,10,,,7217197.0,ns,96
bench_trivial_query,postgres_by_id,10,,,6367915.0,ns,112
bench_trivial_query,postgres_by_id,10,,,9642246.0,ns,128
bench_trivial_query,postgres_by_id,10,,,8219945.0,ns,144
bench_trivial_query,postgres_by_id,10,,,12133398.0,ns,160
bench_trivial_query,postgres_by_id,10,,,10025801.0,ns,176
bench_trivial_query,postgres_by_id,10,,,14627584.0,ns,192
bench_trivial_query,postgres_by_id,10,,,11850749.0,ns,208
bench_trivial_query,postgres_by_id,10,,,17232168.0,ns,224
bench_trivial_query,postgres_by_id,10,,,13889490.0,ns,240
bench_trivial_query,postgres_by_id,10,,,19464006.0,ns,256
bench_trivial_query,postgres_by_id,10,,,15278710.0,ns,272
bench_trivial_query,postgres_by_id,10,,,15769121.0,ns,288
bench_trivial_query,postgres_by_id,10,,,17430517.0,ns,304
bench_trivial_query,postgres_by_id,10,,,18329352.0,ns,320
bench_trivial_query,postgres_by_id,10,,,20302158.0,ns,336
bench_trivial_query,postgres_by_id,10,,,20873805.0,ns,352
bench_trivial_query,postgres_by_id,10,,,21231669.0,ns,368
bench_trivial_query,postgres_by_id,10,,,22451502.0,ns,384
bench_trivial_query,postgres_by_id,10,,,24554976.0,ns,400
bench_trivial_query,postgres_by_id,10,,,24462191.0,ns,416
bench_trivial_query,postgres_by_id,10,,,33282923.0,ns,432
bench_trivial_query,postgres_by_id,10,,,31430935.0,ns,448
bench_trivial_query,postgres_by_id,10,,,29269553.0,ns,464
bench_trivial_query,postgres_by_id,10,,,33936182.0,ns,480
bench_trivial_query,postgres_by_id,10,,,29890792.0,ns,496
bench_trivial_query,postgres_by_id,10,,,40162392.0,ns,512
bench_trivial_query,postgres_by_id,10,,,32313197.0,ns,528
bench_trivial_query,postgres_by_id,10,,,42172287.0,ns,544
bench_trivial_query,postgres_by_id,10,,,34526173.0,ns,560
bench_trivial_query,postgres_by_id,10,,,34179144.0,ns,576
bench_trivial_query,postgres_by_id,10,,,35000343.0,ns,592
bench_trivial_query,postgres_by_id,10,,,36619271.0,ns,608
bench_trivial_query,postgres_by_id,10,,,39636903.0,ns,624
bench_trivial_query,postgres_by_id,10,,,37811512.0,ns,640
bench_trivial_query,postgres_by_id,10,,,47211903.0,ns,656
bench_trivial_query,postgres_by_id,10,,,39611867.0,ns,672
bench_trivial_query,postgres_by_id,10,,,50950503.0,ns,688
bench_trivial_query,postgres_by_id,10,,,42689153.0,ns,704
bench_trivial_query,postgres_by_id,10,,,43204531.0,ns,720
bench_trivial_query,postgres_by_id,10,,,45288192.0,ns,736
bench_trivial_query,postgres_by_id,10,,,45533982.0,ns,752
bench_trivial_query,postgres_by_id,10,,,45717663.0,ns,768
bench_trivial_query,postgres_by_id,10,,,52572646.0,ns,784
bench_trivial_query,postgres_by_id,10,,,46484211.0,ns,800
bench_trivial_query,postgres_by_id,10,,,49594306.0,ns,816
bench_trivial_query,postgres_by_id,10,,,50981430.0,ns,832
bench_trivial_query,postgres_by_id,10,,,52654588.0,ns,848
bench_trivial_query,postgres_by_id,10,,,52820727.0,ns,864
bench_trivial_query,postgres_by_id,10,,,71100777.0,ns,880
bench_trivial_query,postgres_by_id,10,,,55066041.0,ns,896
bench_trivial_query,postgres_by_id,10,,,73724316.0,ns,912
bench_trivial_query,postgres_by_id,10,,,63775180.0,ns,928
bench_trivial_query,postgres_by_id,10,,,58778371.0,ns,944
bench_trivial_query,postgres_by_id,10,,,68947828.0,ns,960
bench_trivial_query,postgres_by_id,10,,,60400618.0,ns,976
bench_trivial_query,postgres_by_id,10,,,76557626.0,ns,992
bench_trivial_query,postgres_by_id,10,,,59797003.0,ns,1008
bench_trivial_query,postgres_by_id,10,,,61116840.0,ns,1024
bench_trivial_query,postgres_by_id,10,,,62133189.0,ns,1040
bench_trivial_query,postgres_by_id,10,,,63264737.0,ns,1056
bench_trivial_query,postgres_by_id,10,,,64311956.0,ns,1072
bench_trivial_query,postgres_by_id,10,,,74098433.0,ns,1088
bench_trivial_query,postgres_by_id,10,,,67796281.0,ns,1104
bench_trivial_query,postgres_by_id,10,,,66832376.0,ns,1120
bench_trivial_query,postgres_by_id,10,,,83780633.0,ns,1136
bench_trivial_query,postgres_by_id,10,,,86542159.0,ns,1152
bench_trivial_query,postgres_by_id,10,,,81765869.0,ns,1168
bench_trivial_query,postgres_by_id,10,,,71474264.0,ns,1184
bench_trivial_query,postgres_by_id,10,,,87896680.0,ns,1200
bench_trivial_query,postgres_by_id,10,,,73014403.0,ns,1216
bench_trivial_query,postgres_by_id,10,,,83788207.0,ns,1232
bench_trivial_query,postgres_by_id,10,,,85610595.0,ns,1248
bench_trivial_query,postgres_by_id,10,,,85803391.0,ns,1264
bench_trivial_query,postgres_by_id,10,,,82902710.0,ns,1280
bench_trivial_query,postgres_by_id,10,,,77310098.0,ns,1296
bench_trivial_query,postgres_by_id,10,,,83257268.0,ns,1312
bench_trivial_query,postgres_by_id,10,,,85802278.0,ns,1328
bench_trivial_query,postgres_by_id,10,,,104216951.0,ns,1344
bench_trivial_query,postgres_by_id,10,,,82012559.0,ns,1360
bench_trivial_query,postgres_by_id,10,,,83895086.0,ns,1376
bench_trivial_query,postgres_by_id,10,,,83617249.0,ns,1392
bench_trivial_query,postgres_by_id,10,,,96254971.0,ns,1408
bench_trivial_query,postgres_by_id,10,,,86251766.0,ns,1424
bench_trivial_query,postgres_by_id,10,,,96987572.0,ns,1440
bench_trivial_query,postgres_by_id,10,,,86512998.0,ns,1456
bench_trivial_query,postgres_by_id,10,,,88682206.0,ns,1472
bench_trivial_query,postgres_by_id,10,,,91136990.0,ns,1488
bench_trivial_query,postgres_by_id,10,,,115836131.0,ns,1504
bench_trivial_query,postgres_by_id,10,,,92761940.0,ns,1520
bench_trivial_query,postgres_by_id,10,,,92485783.0,ns,1536
bench_trivial_query,postgres_by_id,10,,,98875545.0,ns,1552
bench_trivial_query,postgres_by_id,10,,,94414807.0,ns,1568
bench_trivial_query,postgres_by_id,10,,,103756350.0,ns,1584
bench_trivial_query,postgres_by_id,10,,,109857447.0,ns,1600
