group,function,value,throughput_num,throughput_type,sample_measured_value,unit,iteration_count
bench_medium_complex_query,rusqlite_by_name,1000,,,1226900.0,ns,2
bench_medium_complex_query,rusqlite_by_name,1000,,,2448999.0,ns,4
bench_medium_complex_query,rusqlite_by_name,1000,,,3670898.0,ns,6
bench_medium_complex_query,rusqlite_by_name,1000,,,4891298.0,ns,8
bench_medium_complex_query,rusqlite_by_name,1000,,,6128598.0,ns,10
bench_medium_complex_query,rusqlite_by_name,1000,,,7308797.0,ns,12
bench_medium_complex_query,rusqlite_by_name,1000,,,8608297.0,ns,14
bench_medium_complex_query,rusqlite_by_name,1000,,,9749596.0,ns,16
bench_medium_complex_query,rusqlite_by_name,1000,,,10962395.0,ns,18
bench_medium_complex_query,rusqlite_by_name,1000,,,12176495.0,ns,20
bench_medium_complex_query,rusqlite_by_name,1000,,,13415395.0,ns,22
bench_medium_complex_query,rusqlite_by_name,1000,,,14629895.0,ns,24
bench_medium_complex_query,rusqlite_by_name,1000,,,15808794.0,ns,26
bench_medium_complex_query,rusqlite_by_name,1000,,,17010493.0,ns,28
bench_medium_complex_query,rusqlite_by_name,1000,,,18282092.0,ns,30
bench_medium_complex_query,rusqlite_by_name,1000,,,19476492.0,ns,32
bench_medium_complex_query,rusqlite_by_name,1000,,,20649792.0,ns,34
bench_medium_complex_query,rusqlite_by_name,1000,,,21942592.0,ns,36
bench_medium_complex_query,rusqlite_by_name,1000,,,23099291.0,ns,38
bench_medium_complex_query,rusqlite_by_name,1000,,,24325690.0,ns,40
bench_medium_complex_query,rusqlite_by_name,1000,,,25483590.0,ns,42
bench_medium_complex_query,rusqlite_by_name,1000,,,26745989.0,ns,44
bench_medium_complex_query,rusqlite_by_name,1000,,,27962089.0,ns,46
bench_medium_complex_query,rusqlite_by_name,1000,,,29217388.0,ns,48
bench_medium_complex_query,rusqlite_by_name,1000,,,30474487.0,ns,50
bench_medium_complex_query,rusqlite_by_name,1000,,,31687787.0,ns,52
bench_medium_complex_query,rusqlite_by_name,1000,,,33229187.0,ns,54
bench_medium_complex_query,rusqlite_by_name,1000,,,34099086.0,ns,56
bench_medium_complex_query,rusqlite_by_name,1000,,,40752984.0,ns,58
bench_medium_complex_query,rusqlite_by_name,1000,,,36504586.0,ns,60
bench_medium_complex_query,rusqlite_by_name,1000,,,37845785.0,ns,62
bench_medium_complex_query,rusqlite_by_name,1000,,,38922185.0,ns,64
bench_medium_complex_query,rusqlite_by_name,1000,,,40204584.0,ns,66
bench_medium_complex_query,rusqlite_by_name,1000,,,41294083.0,ns,68
bench_medium_complex_query,rusqlite_by_name,1000,,,42621483.0,ns,70
bench_medium_complex_query,rusqlite_by_name,1000,,,43800282.0,ns,72
bench_medium_complex_query,rusqlite_by_name,1000,,,44960082.0,ns,74
bench_medium_complex_query,rusqlite_by_name,1000,,,46145282.0,ns,76
bench_medium_complex_query,rusqlite_by_name,1000,,,47384481.0,ns,78
bench_medium_complex_query,rusqlite_by_name,1000,,,48600981.0,ns,80
bench_medium_complex_query,rusqlite_by_name,1000,,,49831780.0,ns,82
bench_medium_complex_query,rusqlite_by_name,1000,,,51057479.0,ns,84
bench_medium_complex_query,rusqlite_by_name,1000,,,52255279.0,ns,86
bench_medium_complex_query,rusqlite_by_name,1000,,,53560879.0,ns,88
bench_medium_complex_query,rusqlite_by_name,1000,,,54761278.0,ns,90
bench_medium_complex_query,rusqlite_by_name,1000,,,55992977.0,ns,92
bench_medium_complex_query,rusqlite_by_name,1000,,,57218577.0,ns,94
bench_medium_complex_query,rusqlite_by_name,1000,,,58416577.0,ns,96
bench_medium_complex_query,rusqlite_by_name,1000,,,59581377.0,ns,98
bench_medium_complex_query,rusqlite_by_name,1000,,,60744176.0,ns,100
bench_medium_complex_query,rusqlite_by_name,1000,,,62002175.0,ns,102
bench_medium_complex_query,rusqlite_by_name,1000,,,63192374.0,ns,104
bench_medium_complex_query,rusqlite_by_name,1000,,,64444674.0,ns,106
bench_medium_complex_query,rusqlite_by_name,1000,,,65704374.0,ns,108
bench_medium_complex_query,rusqlite_by_name,1000,,,66947173.0,ns,110
bench_medium_complex_query,rusqlite_by_name,1000,,,68029073.0,ns,112
bench_medium_complex_query,rusqlite_by_name,1000,,,69247673.0,ns,114
bench_medium_complex_query,rusqlite_by_name,1000,,,70540172.0,ns,116
bench_medium_complex_query,rusqlite_by_name,1000,,,71762372.0,ns,118
bench_medium_complex_query,rusqlite_by_name,1000,,,72998671.0,ns,120
bench_medium_complex_query,rusqlite_by_name,1000,,,74151970.0,ns,122
bench_medium_complex_query,rusqlite_by_name,1000,,,75546770.0,ns,124
bench_medium_complex_query,rusqlite_by_name,1000,,,76593469.0,ns,126
bench_medium_complex_query,rusqlite_by_name,1000,,,77880169.0,ns,128
bench_medium_complex_query,rusqlite_by_name,1000,,,79032668.0,ns,130
bench_medium_complex_query,rusqlite_by_name,1000,,,80308668.0,ns,132
bench_medium_complex_query,rusqlite_by_name,1000,,,81463067.0,ns,134
bench_medium_complex_query,rusqlite_by_name,1000,,,82660467.0,ns,136
bench_medium_complex_query,rusqlite_by_name,1000,,,84040866.0,ns,138
bench_medium_complex_query,rusqlite_by_name,1000,,,85277166.0,ns,140
bench_medium_complex_query,rusqlite_by_name,1000,,,86941465.0,ns,142
bench_medium_complex_query,rusqlite_by_name,1000,,,87741664.0,ns,144
bench_medium_complex_query,rusqlite_by_name,1000,,,88918064.0,ns,146
bench_medium_complex_query,rusqlite_by_name,1000,,,90364164.0,ns,148
bench_medium_complex_query,rusqlite_by_name,1000,,,91346963.0,ns,150
bench_medium_complex_query,rusqlite_by_name,1000,,,92538663.0,ns,152
bench_medium_complex_query,rusqlite_by_name,1000,,,93782863.0,ns,154
bench_medium_complex_query,rusqlite_by_name,1000,,,94994762.0,ns,156
bench_medium_complex_query,rusqlite_by_name,1000,,,96047962.0,ns,158
bench_medium_complex_query,rusqlite_by_name,1000,,,97248561.0,ns,160
bench_medium_complex_query,rusqlite_by_name,1000,,,98581160.0,ns,162
bench_medium_complex_query,rusqlite_by_name,1000,,,99842860.0,ns,164
bench_medium_complex_query,rusqlite_by_name,1000,,,100803760.0,ns,166
bench_medium_complex_query,rusqlite_by_name,1000,,,102172659.0,ns,168
bench_medium_complex_query,rusqlite_by_name,1000,,,103291358.0,ns,170
bench_medium_complex_query,rusqlite_by_name,1000,,,104945758.0,ns,172
bench_medium_complex_query,rusqlite_by_name,1000,,,105982758.0,ns,174
bench_medium_complex_query,rusqlite_by_name,1000,,,107045657.0,ns,176
bench_medium_complex_query,rusqlite_by_name,1000,,,108145456.0,ns,178
bench_medium_complex_query,rusqlite_by_name,1000,,,109526556.0,ns,180
bench_medium_complex_query,rusqlite_by_name,1000,,,110688956.0,ns,182
bench_medium_complex_query,rusqlite_by_name,1000,,,111834656.0,ns,184
bench_medium_complex_query,rusqlite_by_name,1000,,,113322155.0,ns,186
bench_medium_complex_query,rusqlite_by_name,1000,,,114340854.0,ns,188
bench_medium_complex_query,rusqlite_by_name,1000,,,115578453.0,ns,190
bench_medium_complex_query,rusqlite_by_name,1000,,,116704053.0,ns,192
bench_medium_complex_query,rusqlite_by_name,1000,,,117910753.0,ns,194
bench_medium_complex_query,rusqlite_by_name,1000,,,119114052.0,ns,196
bench_medium_complex_query,rusqlite_by_name,1000,,,120327452.0,ns,198
bench_medium_complex_query,rusqlite_by_name,1000,,,121574951.0,ns,200
