group,function,value,throughput_num,throughput_type,sample_measured_value,unit,iteration_count
bench_trivial_query,postgres_by_id,10,,,999915.0,ns,16
bench_trivial_query,postgres_by_id,10,,,1859429.0,ns,32
bench_trivial_query,postgres_by_id,10,,,2809743.0,ns,48
bench_trivial_query,postgres_by_id,10,,,3659556.0,ns,64
bench_trivial_query,postgres_by_id,10,,,4532970.0,ns,80
bench_trivial_query,postgres_by_id,10,,,5448383.0,ns,96
bench_trivial_query,postgres_by_id,10,,,6338197.0,ns,112
bench_trivial_query,postgres_by_id,10,,,7258111.0,ns,128
bench_trivial_query,postgres_by_id,10,,,8582932.0,ns,144
bench_trivial_query,postgres_by_id,10,,,9140840.0,ns,160
bench_trivial_query,postgres_by_id,10,,,10354159.0,ns,176
bench_trivial_query,postgres_by_id,10,,,10856266.0,ns,192
bench_trivial_query,postgres_by_id,10,,,11974483.0,ns,208
bench_trivial_query,postgres_by_id,10,,,12814796.0,ns,224
bench_trivial_query,postgres_by_id,10,,,13520806.0,ns,240
bench_trivial_query,postgres_by_id,10,,,14602424.0,ns,256
bench_trivial_query,postgres_by_id,10,,,15512337.0,ns,272
bench_trivial_query,postgres_by_id,10,,,16989760.0,ns,288
bench_trivial_query,postgres_by_id,10,,,17866874.0,ns,304
bench_trivial_query,postgres_by_id,10,,,18631185.0,ns,320
bench_trivial_query,postgres_by_id,10,,,19245495.0,ns,336
bench_trivial_query,postgres_by_id,10,,,20641816.0,ns,352
bench_trivial_query,postgres_by_id,10,,,20922620.0,ns,368
bench_trivial_query,postgres_by_id,10,,,22254140.0,ns,384
bench_trivial_query,postgres_by_id,10,,,22951551.0,ns,400
bench_trivial_query,postgres_by_id,10,,,24153370.0,ns,416
bench_trivial_query,postgres_by_id,10,,,24653977.0,ns,432
bench_trivial_query,postgres_by_id,10,,,26890111.0,ns,448
bench_trivial_query,postgres_by_id,10,,,27000913.0,ns,464
bench_trivial_query,postgres_by_id,10,,,28623438.0,ns,480
bench_trivial_query,postgres_by_id,10,,,29421250.0,ns,496
bench_trivial_query,postgres_by_id,10,,,29763455.0,ns,512
bench_trivial_query,postgres_by_id,10,,,31092776.0,ns,528
bench_trivial_query,postgres_by_id,10,,,31862488.0,ns,544
bench_trivial_query,postgres_by_id,10,,,32807102.0,ns,560
bench_trivial_query,postgres_by_id,10,,,34094022.0,ns,576
bench_trivial_query,postgres_by_id,10,,,34789133.0,ns,592
bench_trivial_query,postgres_by_id,10,,,35477443.0,ns,608
bench_trivial_query,postgres_by_id,10,,,36432757.0,ns,624
bench_trivial_query,postgres_by_id,10,,,37451073.0,ns,640
bench_trivial_query,postgres_by_id,10,,,37848079.0,ns,656
bench_trivial_query,postgres_by_id,10,,,40383017.0,ns,672
bench_trivial_query,postgres_by_id,10,,,39539905.0,ns,688
bench_trivial_query,postgres_by_id,10,,,42266546.0,ns,704
bench_trivial_query,postgres_by_id,10,,,42671053.0,ns,720
bench_trivial_query,postgres_by_id,10,,,43651168.0,ns,736
bench_trivial_query,postgres_by_id,10,,,44793286.0,ns,752
bench_trivial_query,postgres_by_id,10,,,45273593.0,ns,768
bench_trivial_query,postgres_by_id,10,,,47021520.0,ns,784
bench_trivial_query,postgres_by_id,10,,,46799416.0,ns,800
bench_trivial_query,postgres_by_id,10,,,48137537.0,ns,816
bench_trivial_query,postgres_by_id,10,,,49297454.0,ns,832
bench_trivial_query,postgres_by_id,10,,,50610275.0,ns,848
bench_trivial_query,postgres_by_id,10,,,52674606.0,ns,864
bench_trivial_query,postgres_by_id,10,,,52171798.0,ns,880
bench_trivial_query,postgres_by_id,10,,,54104828.0,ns,896
bench_trivial_query,postgres_by_id,10,,,53963626.0,ns,912
bench_trivial_query,postgres_by_id,10,,,55057043.0,ns,928
bench_trivial_query,postgres_by_id,10,,,56961471.0,ns,944
bench_trivial_query,postgres_by_id,10,,,56578765.0,ns,960
bench_trivial_query,postgres_by_id,10,,,58834500.0,ns,976
bench_trivial_query,postgres_by_id,10,,,59326907.0,ns,992
bench_trivial_query,postgres_by_id,10,,,59673953.0,ns,1008
bench_trivial_query,postgres_by_id,10,,,59615052.0,ns,1024
bench_trivial_query,postgres_by_id,10,,,60615869.0,ns,1040
bench_trivial_query,postgres_by_id,10,,,62794459.0,ns,1056
bench_trivial_query,postgres_by_id,10,,,63584667.0,ns,1072
bench_trivial_query,postgres_by_id,10,,,64419776.0,ns,1088
bench_trivial_query,postgres_by_id,10,,,65271985.0,ns,1104
bench_trivial_query,postgres_by_id,10,,,66581599.0,ns,1120
bench_trivial_query,postgres_by_id,10,,,67080604.0,ns,1136
bench_trivial_query,postgres_by_id,10,,,68472419.0,ns,1152
bench_trivial_query,postgres_by_id,10,,,69947434.0,ns,1168
bench_trivial_query,postgres_by_id,10,,,69755932.0,ns,1184
bench_trivial_query,postgres_by_id,10,,,71541151.0,ns,1200
bench_trivial_query,postgres_by_id,10,,,72590562.0,ns,1216
bench_trivial_query,postgres_by_id,10,,,72598261.0,ns,1232
bench_trivial_query,postgres_by_id,10,,,74551282.0,ns,1248
bench_trivial_query,postgres_by_id,10,,,75319291.0,ns,1264
bench_trivial_query,postgres_by_id,10,,,75146088.0,ns,1280
bench_trivial_query,postgres_by_id,10,,,79648936.0,ns,1296
bench_trivial_query,postgres_by_id,10,,,78652125.0,ns,1312
bench_trivial_query,postgres_by_id,10,,,79207831.0,ns,1328
bench_trivial_query,postgres_by_id,10,,,81359053.0,ns,1344
bench_trivial_query,postgres_by_id,10,,,105241004.0,ns,1360
bench_trivial_query,postgres_by_id,10,,,82383965.0,ns,1376
bench_trivial_query,postgres_by_id,10,,,86575208.0,ns,1392
bench_trivial_query,postgres_by_id,10,,,84066382.0,ns,1408
bench_trivial_query,postgres_by_id,10,,,119407453.0,ns,1424
bench_trivial_query,postgres_by_id,10,,,120875368.0,ns,1440
bench_trivial_query,postgres_by_id,10,,,117742485.0,ns,1456
bench_trivial_query,postgres_by_id,10,,,108571618.0,ns,1472
bench_trivial_query,postgres_by_id,10,,,110045042.0,ns,1488
bench_trivial_query,postgres_by_id,10,,,105031463.0,ns,1504
bench_trivial_query,postgres_by_id,10,,,116230640.0,ns,1520
bench_trivial_query,postgres_by_id,10,,,91225444.0,ns,1536
bench_trivial_query,postgres_by_id,10,,,93793985.0,ns,1552
bench_trivial_query,postgres_by_id,10,,,93836785.0,ns,1568
bench_trivial_query,postgres_by_id,10,,,94150190.0,ns,1584
bench_trivial_query,postgres_by_id,10,,,94837001.0,ns,1600
