group,function,value,throughput_num,throughput_type,sample_measured_value,unit,iteration_count
bench_medium_complex_query,postgres_by_id,10,,,1896422.0,ns,14
bench_medium_complex_query,postgres_by_id,10,,,2881534.0,ns,28
bench_medium_complex_query,postgres_by_id,10,,,3832545.0,ns,42
bench_medium_complex_query,postgres_by_id,10,,,4775056.0,ns,56
bench_medium_complex_query,postgres_by_id,10,,,5731467.0,ns,70
bench_medium_complex_query,postgres_by_id,10,,,7382887.0,ns,84
bench_medium_complex_query,postgres_by_id,10,,,7721391.0,ns,98
bench_medium_complex_query,postgres_by_id,10,,,8562901.0,ns,112
bench_medium_complex_query,postgres_by_id,10,,,9710014.0,ns,126
bench_medium_complex_query,postgres_by_id,10,,,10625625.0,ns,140
bench_medium_complex_query,postgres_by_id,10,,,11362234.0,ns,154
bench_medium_complex_query,postgres_by_id,10,,,12421747.0,ns,168
bench_medium_complex_query,postgres_by_id,10,,,13108654.0,ns,182
bench_medium_complex_query,postgres_by_id,10,,,14561172.0,ns,196
bench_medium_complex_query,postgres_by_id,10,,,15209880.0,ns,210
bench_medium_complex_query,postgres_by_id,10,,,16879899.0,ns,224
bench_medium_complex_query,postgres_by_id,10,,,17961011.0,ns,238
bench_medium_complex_query,postgres_by_id,10,,,18857022.0,ns,252
bench_medium_complex_query,postgres_by_id,10,,,19282828.0,ns,266
bench_medium_complex_query,postgres_by_id,10,,,20698943.0,ns,280
bench_medium_complex_query,postgres_by_id,10,,,21794457.0,ns,294
bench_medium_complex_query,postgres_by_id,10,,,22582866.0,ns,308
bench_medium_complex_query,postgres_by_id,10,,,23697479.0,ns,322
bench_medium_complex_query,postgres_by_id,10,,,24362287.0,ns,336
bench_medium_complex_query,postgres_by_id,10,,,26292810.0,ns,350
bench_medium_complex_query,postgres_by_id,10,,,27896128.0,ns,364
bench_medium_complex_query,postgres_by_id,10,,,28041631.0,ns,378
bench_medium_complex_query,postgres_by_id,10,,,28831640.0,ns,392
bench_medium_complex_query,postgres_by_id,10,,,32673385.0,ns,406
bench_medium_complex_query,postgres_by_id,10,,,31417170.0,ns,420
bench_medium_complex_query,postgres_by_id,10,,,31955176.0,ns,434
bench_medium_complex_query,postgres_by_id,10,,,33103890.0,ns,448
bench_medium_complex_query,postgres_by_id,10,,,34554807.0,ns,462
bench_medium_complex_query,postgres_by_id,10,,,35140714.0,ns,476
bench_medium_complex_query,postgres_by_id,10,,,36215226.0,ns,490
bench_medium_complex_query,postgres_by_id,10,,,37438941.0,ns,504
bench_medium_complex_query,postgres_by_id,10,,,37877046.0,ns,518
bench_medium_complex_query,postgres_by_id,10,,,39100061.0,ns,532
bench_medium_complex_query,postgres_by_id,10,,,40186673.0,ns,546
bench_medium_complex_query,postgres_by_id,10,,,42297598.0,ns,560
bench_medium_complex_query,postgres_by_id,10,,,42153196.0,ns,574
bench_medium_complex_query,postgres_by_id,10,,,44027019.0,ns,588
bench_medium_complex_query,postgres_by_id,10,,,44382623.0,ns,602
bench_medium_complex_query,postgres_by_id,10,,,45072430.0,ns,616
bench_medium_complex_query,postgres_by_id,10,,,47487360.0,ns,630
bench_medium_complex_query,postgres_by_id,10,,,47488959.0,ns,644
bench_medium_complex_query,postgres_by_id,10,,,49464683.0,ns,658
bench_medium_complex_query,postgres_by_id,10,,,49472582.0,ns,672
bench_medium_complex_query,postgres_by_id,10,,,50533595.0,ns,686
bench_medium_complex_query,postgres_by_id,10,,,51223204.0,ns,700
bench_medium_complex_query,postgres_by_id,10,,,51963212.0,ns,714
bench_medium_complex_query,postgres_by_id,10,,,53422929.0,ns,728
bench_medium_complex_query,postgres_by_id,10,,,55004048.0,ns,742
bench_medium_complex_query,postgres_by_id,10,,,55668355.0,ns,756
bench_medium_complex_query,postgres_by_id,10,,,56570966.0,ns,770
bench_medium_complex_query,postgres_by_id,10,,,56860569.0,ns,784
bench_medium_complex_query,postgres_by_id,10,,,57798881.0,ns,798
bench_medium_complex_query,postgres_by_id,10,,,60002307.0,ns,812
bench_medium_complex_query,postgres_by_id,10,,,61364723.0,ns,826
bench_medium_complex_query,postgres_by_id,10,,,60933518.0,ns,840
bench_medium_complex_query,postgres_by_id,10,,,62374935.0,ns,854
bench_medium_complex_query,postgres_by_id,10,,,62690539.0,ns,868
bench_medium_complex_query,postgres_by_id,10,,,65601070.0,ns,882
bench_medium_complex_query,postgres_by_id,10,,,66564681.0,ns,896
bench_medium_complex_query,postgres_by_id,10,,,67012286.0,ns,910
bench_medium_complex_query,postgres_by_id,10,,,68273501.0,ns,924
bench_medium_complex_query,postgres_by_id,10,,,69044410.0,ns,938
bench_medium_complex_query,postgres_by_id,10,,,70274624.0,ns,952
bench_medium_complex_query,postgres_by_id,10,,,70972732.0,ns,966
bench_medium_complex_query,postgres_by_id,10,,,71348037.0,ns,980
bench_medium_complex_query,postgres_by_id,10,,,73812966.0,ns,994
bench_medium_complex_query,postgres_by_id,10,,,74116369.0,ns,1008
bench_medium_complex_query,postgres_by_id,10,,,75453085.0,ns,1022
bench_medium_complex_query,postgres_by_id,10,,,76015792.0,ns,1036
bench_medium_complex_query,postgres_by_id,10,,,76679900.0,ns,1050
bench_medium_complex_query,postgres_by_id,10,,,77695112.0,ns,1064
bench_medium_complex_query,postgres_by_id,10,,,79266930.0,ns,1078
bench_medium_complex_query,postgres_by_id,10,,,79165129.0,ns,1092
bench_medium_complex_query,postgres_by_id,10,,,81059051.0,ns,1106
bench_medium_complex_query,postgres_by_id,10,,,83481479.0,ns,1120
bench_medium_complex_query,postgres_by_id,10,,,85236100.0,ns,1134
bench_medium_complex_query,postgres_by_id,10,,,102953708.0,ns,1148
bench_medium_complex_query,postgres_by_id,10,,,87188123.0,ns,1162
bench_medium_complex_query,postgres_by_id,10,,,87976932.0,ns,1176
bench_medium_complex_query,postgres_by_id,10,,,88014632.0,ns,1190
bench_medium_complex_query,postgres_by_id,10,,,90392060.0,ns,1204
bench_medium_complex_query,postgres_by_id,10,,,90583363.0,ns,1218
bench_medium_complex_query,postgres_by_id,10,,,90433761.0,ns,1232
bench_medium_complex_query,postgres_by_id,10,,,92809889.0,ns,1246
bench_medium_complex_query,postgres_by_id,10,,,92497885.0,ns,1260
bench_medium_complex_query,postgres_by_id,10,,,93555397.0,ns,1274
bench_medium_complex_query,postgres_by_id,10,,,95051115.0,ns,1288
bench_medium_complex_query,postgres_by_id,10,,,95535521.0,ns,1302
bench_medium_complex_query,postgres_by_id,10,,,97078439.0,ns,1316
bench_medium_complex_query,postgres_by_id,10,,,100297477.0,ns,1330
bench_medium_complex_query,postgres_by_id,10,,,98828459.0,ns,1344
bench_medium_complex_query,postgres_by_id,10,,,100532980.0,ns,1358
bench_medium_complex_query,postgres_by_id,10,,,101226887.0,ns,1372
bench_medium_complex_query,postgres_by_id,10,,,101770894.0,ns,1386
bench_medium_complex_query,postgres_by_id,10,,,104389524.0,ns,1400
