group,function,value,throughput_num,throughput_type,sample_measured_value,unit,iteration_count
bench_trivial_query,diesel_queryable_by_name,1000,,,1242902.0,ns,5
bench_trivial_query,diesel_queryable_by_name,1000,,,2450267.0,ns,10
bench_trivial_query,diesel_queryable_by_name,1000,,,3691245.0,ns,15
bench_trivial_query,diesel_queryable_by_name,1000,,,4922495.0,ns,20
bench_trivial_query,diesel_queryable_by_name,1000,,,6134780.0,ns,25
bench_trivial_query,diesel_queryable_by_name,1000,,,7430760.0,ns,30
bench_trivial_query,diesel_queryable_by_name,1000,,,8617567.0,ns,35
bench_trivial_query,diesel_queryable_by_name,1000,,,9795127.0,ns,40
bench_trivial_query,diesel_queryable_by_name,1000,,,11076170.0,ns,45
bench_trivial_query,diesel_queryable_by_name,1000,,,12210178.0,ns,50
bench_trivial_query,diesel_queryable_by_name,1000,,,13179269.0,ns,55
bench_trivial_query,diesel_queryable_by_name,1000,,,14462436.0,ns,60
bench_trivial_query,diesel_queryable_by_name,1000,,,15692052.0,ns,65
bench_trivial_query,diesel_queryable_by_name,1000,,,16834756.0,ns,70
bench_trivial_query,diesel_queryable_by_name,1000,,,17997198.0,ns,75
bench_trivial_query,diesel_queryable_by_name,1000,,,19167153.0,ns,80
bench_trivial_query,diesel_queryable_by_name,1000,,,21503036.0,ns,85
bench_trivial_query,diesel_queryable_by_name,1000,,,21552139.0,ns,90
bench_trivial_query,diesel_queryable_by_name,1000,,,24025488.0,ns,95
bench_trivial_query,diesel_queryable_by_name,1000,,,23858968.0,ns,100
bench_trivial_query,diesel_queryable_by_name,1000,,,25143798.0,ns,105
bench_trivial_query,diesel_queryable_by_name,1000,,,26361002.0,ns,110
bench_trivial_query,diesel_queryable_by_name,1000,,,27486363.0,ns,115
bench_trivial_query,diesel_queryable_by_name,1000,,,28814295.0,ns,120
bench_trivial_query,diesel_queryable_by_name,1000,,,31408490.0,ns,125
bench_trivial_query,diesel_queryable_by_name,1000,,,31167329.0,ns,130
bench_trivial_query,diesel_queryable_by_name,1000,,,32503044.0,ns,135
bench_trivial_query,diesel_queryable_by_name,1000,,,33353223.0,ns,140
bench_trivial_query,diesel_queryable_by_name,1000,,,34963230.0,ns,145
bench_trivial_query,diesel_queryable_by_name,1000,,,36060650.0,ns,150
bench_trivial_query,diesel_queryable_by_name,1000,,,37263086.0,ns,155
bench_trivial_query,diesel_queryable_by_name,1000,,,38337133.0,ns,160
bench_trivial_query,diesel_queryable_by_name,1000,,,39451585.0,ns,165
bench_trivial_query,diesel_queryable_by_name,1000,,,40888809.0,ns,170
bench_trivial_query,diesel_queryable_by_name,1000,,,41923532.0,ns,175
bench_trivial_query,diesel_queryable_by_name,1000,,,43540372.0,ns,180
bench_trivial_query,diesel_queryable_by_name,1000,,,44355544.0,ns,185
bench_trivial_query,diesel_queryable_by_name,1000,,,45458024.0,ns,190
bench_trivial_query,diesel_queryable_by_name,1000,,,46767600.0,ns,195
bench_trivial_query,diesel_queryable_by_name,1000,,,47927918.0,ns,200
bench_trivial_query,diesel_queryable_by_name,1000,,,49196728.0,ns,205
bench_trivial_query,diesel_queryable_by_name,1000,,,50326278.0,ns,210
bench_trivial_query,diesel_queryable_by_name,1000,,,51688343.0,ns,215
bench_trivial_query,diesel_queryable_by_name,1000,,,53697314.0,ns,220
bench_trivial_query,diesel_queryable_by_name,1000,,,54040486.0,ns,225
bench_trivial_query,diesel_queryable_by_name,1000,,,55196425.0,ns,230
bench_trivial_query,diesel_queryable_by_name,1000,,,56497345.0,ns,235
bench_trivial_query,diesel_queryable_by_name,1000,,,57172416.0,ns,240
bench_trivial_query,diesel_queryable_by_name,1000,,,58581404.0,ns,245
bench_trivial_query,diesel_queryable_by_name,1000,,,60041636.0,ns,250
bench_trivial_query,diesel_queryable_by_name,1000,,,60976021.0,ns,255
bench_trivial_query,diesel_queryable_by_name,1000,,,61994593.0,ns,260
bench_trivial_query,diesel_queryable_by_name,1000,,,63602246.0,ns,265
bench_trivial_query,diesel_queryable_by_name,1000,,,64139159.0,ns,270
bench_trivial_query,diesel_queryable_by_name,1000,,,65792747.0,ns,275
bench_trivial_query,diesel_queryable_by_name,1000,,,66942244.0,ns,280
bench_trivial_query,diesel_queryable_by_name,1000,,,68138569.0,ns,285
bench_trivial_query,diesel_queryable_by_name,1000,,,69480325.0,ns,290
bench_trivial_query,diesel_queryable_by_name,1000,,,70640422.0,ns,295
bench_trivial_query,diesel_queryable_by_name,1000,,,71992347.0,ns,300
bench_trivial_query,diesel_queryable_by_name,1000,,,73049571.0,ns,305
bench_trivial_query,diesel_queryable_by_name,1000,,,74460167.0,ns,310
bench_trivial_query,diesel_queryable_by_name,1000,,,75485571.0,ns,315
bench_trivial_query,diesel_queryable_by_name,1000,,,77312724.0,ns,320
bench_trivial_query,diesel_queryable_by_name,1000,,,77777312.0,ns,325
bench_trivial_query,diesel_queryable_by_name,1000,,,79402658.0,ns,330
bench_trivial_query,diesel_queryable_by_name,1000,,,80317727.0,ns,335
bench_trivial_query,diesel_queryable_by_name,1000,,,81722320.0,ns,340
bench_trivial_query,diesel_queryable_by_name,1000,,,82436013.0,ns,345
bench_trivial_query,diesel_queryable_by_name,1000,,,83974958.0,ns,350
bench_trivial_query,diesel_queryable_by_name,1000,,,85064663.0,ns,355
bench_trivial_query,diesel_queryable_by_name,1000,,,86806236.0,ns,360
bench_trivial_query,diesel_queryable_by_name,1000,,,87515321.0,ns,365
bench_trivial_query,diesel_queryable_by_name,1000,,,88775725.0,ns,370
bench_trivial_query,diesel_queryable_by_name,1000,,,89994051.0,ns,375
bench_trivial_query,diesel_queryable_by_name,1000,,,90870999.0,ns,380
bench_trivial_query,diesel_queryable_by_name,1000,,,91046766.0,ns,385
bench_trivial_query,diesel_queryable_by_name,1000,,,94025039.0,ns,390
bench_trivial_query,diesel_queryable_by_name,1000,,,97792807.0,ns,395
bench_trivial_query,diesel_queryable_by_name,1000,,,95805635.0,ns,400
bench_trivial_query,diesel_queryable_by_name,1000,,,97113649.0,ns,405
bench_trivial_query,diesel_queryable_by_name,1000,,,98037254.0,ns,410
bench_trivial_query,diesel_queryable_by_name,1000,,,99695761.0,ns,415
bench_trivial_query,diesel_queryable_by_name,1000,,,100453647.0,ns,420
bench_trivial_query,diesel_queryable_by_name,1000,,,105453866.0,ns,425
bench_trivial_query,diesel_queryable_by_name,1000,,,103316684.0,ns,430
bench_trivial_query,diesel_queryable_by_name,1000,,,104779446.0,ns,435
bench_trivial_query,diesel_queryable_by_name,1000,,,105256909.0,ns,440
bench_trivial_query,diesel_queryable_by_name,1000,,,106756980.0,ns,445
bench_trivial_query,diesel_queryable_by_name,1000,,,107591810.0,ns,450
bench_trivial_query,diesel_queryable_by_name,1000,,,109018164.0,ns,455
bench_trivial_query,diesel_queryable_by_name,1000,,,110646956.0,ns,460
bench_trivial_query,diesel_queryable_by_name,1000,,,111149705.0,ns,465
bench_trivial_query,diesel_queryable_by_name,1000,,,112631613.0,ns,470
bench_trivial_query,diesel_queryable_by_name,1000,,,113718092.0,ns,475
bench_trivial_query,diesel_queryable_by_name,1000,,,114373726.0,ns,480
bench_trivial_query,diesel_queryable_by_name,1000,,,121803564.0,ns,485
bench_trivial_query,diesel_queryable_by_name,1000,,,117407032.0,ns,490
bench_trivial_query,diesel_queryable_by_name,1000,,,118308887.0,ns,495
bench_trivial_query,diesel_queryable_by_name,1000,,,119963727.0,ns,500
