group,function,value,throughput_num,throughput_type,sample_measured_value,unit,iteration_count
bench_trivial_query,diesel_queryable_by_name,1,,,1097573.0,ns,5
bench_trivial_query,diesel_queryable_by_name,1,,,2656863.0,ns,10
bench_trivial_query,diesel_queryable_by_name,1,,,3862119.0,ns,15
bench_trivial_query,diesel_queryable_by_name,1,,,4210732.0,ns,20
bench_trivial_query,diesel_queryable_by_name,1,,,5259981.0,ns,25
bench_trivial_query,diesel_queryable_by_name,1,,,6223475.0,ns,30
bench_trivial_query,diesel_queryable_by_name,1,,,7742071.0,ns,35
bench_trivial_query,diesel_queryable_by_name,1,,,8462424.0,ns,40
bench_trivial_query,diesel_queryable_by_name,1,,,10211435.0,ns,45
bench_trivial_query,diesel_queryable_by_name,1,,,13180659.0,ns,50
bench_trivial_query,diesel_queryable_by_name,1,,,12138103.0,ns,55
bench_trivial_query,diesel_queryable_by_name,1,,,15953494.0,ns,60
bench_trivial_query,diesel_queryable_by_name,1,,,13303749.0,ns,65
bench_trivial_query,diesel_queryable_by_name,1,,,14126155.0,ns,70
bench_trivial_query,diesel_queryable_by_name,1,,,17883940.0,ns,75
bench_trivial_query,diesel_queryable_by_name,1,,,20778847.0,ns,80
bench_trivial_query,diesel_queryable_by_name,1,,,18895910.0,ns,85
bench_trivial_query,diesel_queryable_by_name,1,,,20898224.0,ns,90
bench_trivial_query,diesel_queryable_by_name,1,,,19327663.0,ns,95
bench_trivial_query,diesel_queryable_by_name,1,,,20796483.0,ns,100
bench_trivial_query,diesel_queryable_by_name,1,,,21833302.0,ns,105
bench_trivial_query,diesel_queryable_by_name,1,,,26718714.0,ns,110
bench_trivial_query,diesel_queryable_by_name,1,,,23195542.0,ns,115
bench_trivial_query,diesel_queryable_by_name,1,,,30036887.0,ns,120
bench_trivial_query,diesel_queryable_by_name,1,,,25129102.0,ns,125
bench_trivial_query,diesel_queryable_by_name,1,,,28753930.0,ns,130
bench_trivial_query,diesel_queryable_by_name,1,,,29503600.0,ns,135
bench_trivial_query,diesel_queryable_by_name,1,,,29342224.0,ns,140
bench_trivial_query,diesel_queryable_by_name,1,,,29655079.0,ns,145
bench_trivial_query,diesel_queryable_by_name,1,,,31795409.0,ns,150
bench_trivial_query,diesel_queryable_by_name,1,,,34691351.0,ns,155
bench_trivial_query,diesel_queryable_by_name,1,,,35872010.0,ns,160
bench_trivial_query,diesel_queryable_by_name,1,,,33787557.0,ns,165
bench_trivial_query,diesel_queryable_by_name,1,,,43028117.0,ns,170
bench_trivial_query,diesel_queryable_by_name,1,,,39521891.0,ns,175
bench_trivial_query,diesel_queryable_by_name,1,,,36166623.0,ns,180
bench_trivial_query,diesel_queryable_by_name,1,,,40137137.0,ns,185
bench_trivial_query,diesel_queryable_by_name,1,,,48689225.0,ns,190
bench_trivial_query,diesel_queryable_by_name,1,,,42282302.0,ns,195
bench_trivial_query,diesel_queryable_by_name,1,,,40991265.0,ns,200
bench_trivial_query,diesel_queryable_by_name,1,,,54571330.0,ns,205
bench_trivial_query,diesel_queryable_by_name,1,,,46317813.0,ns,210
bench_trivial_query,diesel_queryable_by_name,1,,,43863839.0,ns,215
bench_trivial_query,diesel_queryable_by_name,1,,,45042251.0,ns,220
bench_trivial_query,diesel_queryable_by_name,1,,,57812461.0,ns,225
bench_trivial_query,diesel_queryable_by_name,1,,,47894092.0,ns,230
bench_trivial_query,diesel_queryable_by_name,1,,,61585167.0,ns,235
bench_trivial_query,diesel_queryable_by_name,1,,,62390269.0,ns,240
bench_trivial_query,diesel_queryable_by_name,1,,,58613974.0,ns,245
bench_trivial_query,diesel_queryable_by_name,1,,,53134478.0,ns,250
bench_trivial_query,diesel_queryable_by_name,1,,,51729840.0,ns,255
bench_trivial_query,diesel_queryable_by_name,1,,,61713174.0,ns,260
bench_trivial_query,diesel_queryable_by_name,1,,,54521066.0,ns,265
bench_trivial_query,diesel_queryable_by_name,1,,,55547208.0,ns,270
bench_trivial_query,diesel_queryable_by_name,1,,,55954649.0,ns,275
bench_trivial_query,diesel_queryable_by_name,1,,,56973557.0,ns,280
bench_trivial_query,diesel_queryable_by_name,1,,,57162316.0,ns,285
bench_trivial_query,diesel_queryable_by_name,1,,,71269700.0,ns,290
bench_trivial_query,diesel_queryable_by_name,1,,,59262801.0,ns,295
bench_trivial_query,diesel_queryable_by_name,1,,,61034072.0,ns,300
bench_trivial_query,diesel_queryable_by_name,1,,,66433350.0,ns,305
bench_trivial_query,diesel_queryable_by_name,1,,,72274873.0,ns,310
bench_trivial_query,diesel_queryable_by_name,1,,,64035826.0,ns,315
bench_trivial_query,diesel_queryable_by_name,1,,,69218618.0,ns,320
bench_trivial_query,diesel_queryable_by_name,1,,,77731622.0,ns,325
bench_trivial_query,diesel_queryable_by_name,1,,,79287852.0,ns,330
bench_trivial_query,diesel_queryable_by_name,1,,,69755029.0,ns,335
bench_trivial_query,diesel_queryable_by_name,1,,,69084855.0,ns,340
bench_trivial_query,diesel_queryable_by_name,1,,,69334753.0,ns,345
bench_trivial_query,diesel_queryable_by_name,1,,,71351627.0,ns,350
bench_trivial_query,diesel_queryable_by_name,1,,,75208157.0,ns,355
bench_trivial_query,diesel_queryable_by_name,1,,,93694382.0,ns,360
bench_trivial_query,diesel_queryable_by_name,1,,,76536825.0,ns,365
bench_trivial_query,diesel_queryable_by_name,1,,,93798424.0,ns,370
bench_trivial_query,diesel_queryable_by_name,1,,,77356404.0,ns,375
bench_trivial_query,diesel_queryable_by_name,1,,,91214295.0,ns,380
bench_trivial_query,diesel_queryable_by_name,1,,,94318672.0,ns,385
bench_trivial_query,diesel_queryable_by_name,1,,,81768169.0,ns,390
bench_trivial_query,diesel_queryable_by_name,1,,,81206977.0,ns,395
bench_trivial_query,diesel_queryable_by_name,1,,,89945111.0,ns,400
bench_trivial_query,diesel_queryable_by_name,1,,,86519894.0,ns,405
bench_trivial_query,diesel_queryable_by_name,1,,,84420771.0,ns,410
bench_trivial_query,diesel_queryable_by_name,1,,,89438672.0,ns,415
bench_trivial_query,diesel_queryable_by_name,1,,,103272846.0,ns,420
bench_trivial_query,diesel_queryable_by_name,1,,,112441186.0,ns,425
bench_trivial_query,diesel_queryable_by_name,1,,,102272707.0,ns,430
bench_trivial_query,diesel_queryable_by_name,1,,,91279957.0,ns,435
bench_trivial_query,diesel_queryable_by_name,1,,,90442999.0,ns,440
bench_trivial_query,diesel_queryable_by_name,1,,,107150231.0,ns,445
bench_trivial_query,diesel_queryable_by_name,1,,,91591405.0,ns,450
bench_trivial_query,diesel_queryable_by_name,1,,,93204783.0,ns,455
bench_trivial_query,diesel_queryable_by_name,1,,,96917481.0,ns,460
bench_trivial_query,diesel_queryable_by_name,1,,,95799006.0,ns,465
bench_trivial_query,diesel_queryable_by_name,1,,,96024962.0,ns,470
bench_trivial_query,diesel_queryable_by_name,1,,,108028871.0,ns,475
bench_trivial_query,diesel_queryable_by_name,1,,,103023354.0,ns,480
bench_trivial_query,diesel_queryable_by_name,1,,,104119153.0,ns,485
bench_trivial_query,diesel_queryable_by_name,1,,,100464631.0,ns,490
bench_trivial_query,diesel_queryable_by_name,1,,,108596104.0,ns,495
bench_trivial_query,diesel_queryable_by_name,1,,,105345375.0,ns,500
