group,function,value,throughput_num,throughput_type,sample_measured_value,unit,iteration_count
bench_medium_complex_query,mysql_by_name,1,,,1056781.0,ns,7
bench_medium_complex_query,mysql_by_name,1,,,2163597.0,ns,14
bench_medium_complex_query,mysql_by_name,1,,,3359385.0,ns,21
bench_medium_complex_query,mysql_by_name,1,,,3887240.0,ns,28
bench_medium_complex_query,mysql_by_name,1,,,4881273.0,ns,35
bench_medium_complex_query,mysql_by_name,1,,,5847477.0,ns,42
bench_medium_complex_query,mysql_by_name,1,,,7762108.0,ns,49
bench_medium_complex_query,mysql_by_name,1,,,7523920.0,ns,56
bench_medium_complex_query,mysql_by_name,1,,,9994157.0,ns,63
bench_medium_complex_query,mysql_by_name,1,,,10055673.0,ns,70
bench_medium_complex_query,mysql_by_name,1,,,11716259.0,ns,77
bench_medium_complex_query,mysql_by_name,1,,,11511198.0,ns,84
bench_medium_complex_query,mysql_by_name,1,,,12305509.0,ns,91
bench_medium_complex_query,mysql_by_name,1,,,13114442.0,ns,98
bench_medium_complex_query,mysql_by_name,1,,,14304437.0,ns,105
bench_medium_complex_query,mysql_by_name,1,,,17327950.0,ns,112
bench_medium_complex_query,mysql_by_name,1,,,18547523.0,ns,119
bench_medium_complex_query,mysql_by_name,1,,,20222023.0,ns,126
bench_medium_complex_query,mysql_by_name,1,,,22210220.0,ns,133
bench_medium_complex_query,mysql_by_name,1,,,21096222.0,ns,140
bench_medium_complex_query,mysql_by_name,1,,,20643865.0,ns,147
bench_medium_complex_query,mysql_by_name,1,,,20935884.0,ns,154
bench_medium_complex_query,mysql_by_name,1,,,22498526.0,ns,161
bench_medium_complex_query,mysql_by_name,1,,,23714833.0,ns,168
bench_medium_complex_query,mysql_by_name,1,,,26064480.0,ns,175
bench_medium_complex_query,mysql_by_name,1,,,27523522.0,ns,182
bench_medium_complex_query,mysql_by_name,1,,,27416696.0,ns,189
bench_medium_complex_query,mysql_by_name,1,,,30962859.0,ns,196
bench_medium_complex_query,mysql_by_name,1,,,28712206.0,ns,203
bench_medium_complex_query,mysql_by_name,1,,,30267778.0,ns,210
bench_medium_complex_query,mysql_by_name,1,,,29600924.0,ns,217
bench_medium_complex_query,mysql_by_name,1,,,36475291.0,ns,224
bench_medium_complex_query,mysql_by_name,1,,,37152137.0,ns,231
bench_medium_complex_query,mysql_by_name,1,,,34191011.0,ns,238
bench_medium_complex_query,mysql_by_name,1,,,39558042.0,ns,245
bench_medium_complex_query,mysql_by_name,1,,,35701662.0,ns,252
bench_medium_complex_query,mysql_by_name,1,,,36903071.0,ns,259
bench_medium_complex_query,mysql_by_name,1,,,39628205.0,ns,266
bench_medium_complex_query,mysql_by_name,1,,,40263400.0,ns,273
bench_medium_complex_query,mysql_by_name,1,,,40074004.0,ns,280
bench_medium_complex_query,mysql_by_name,1,,,42331360.0,ns,287
bench_medium_complex_query,mysql_by_name,1,,,40519139.0,ns,294
bench_medium_complex_query,mysql_by_name,1,,,43479923.0,ns,301
bench_medium_complex_query,mysql_by_name,1,,,42461757.0,ns,308
bench_medium_complex_query,mysql_by_name,1,,,44076901.0,ns,315
bench_medium_complex_query,mysql_by_name,1,,,44438181.0,ns,322
bench_medium_complex_query,mysql_by_name,1,,,44608112.0,ns,329
bench_medium_complex_query,mysql_by_name,1,,,46246530.0,ns,336
bench_medium_complex_query,mysql_by_name,1,,,51032155.0,ns,343
bench_medium_complex_query,mysql_by_name,1,,,46616737.0,ns,350
bench_medium_complex_query,mysql_by_name,1,,,57467552.0,ns,357
bench_medium_complex_query,mysql_by_name,1,,,62094018.0,ns,364
bench_medium_complex_query,mysql_by_name,1,,,55400407.0,ns,371
bench_medium_complex_query,mysql_by_name,1,,,54941611.0,ns,378
bench_medium_complex_query,mysql_by_name,1,,,52730527.0,ns,385
bench_medium_complex_query,mysql_by_name,1,,,54755658.0,ns,392
bench_medium_complex_query,mysql_by_name,1,,,54276242.0,ns,399
bench_medium_complex_query,mysql_by_name,1,,,54856283.0,ns,406
bench_medium_complex_query,mysql_by_name,1,,,60692102.0,ns,413
bench_medium_complex_query,mysql_by_name,1,,,66449995.0,ns,420
bench_medium_complex_query,mysql_by_name,1,,,60810774.0,ns,427
bench_medium_complex_query,mysql_by_name,1,,,66023376.0,ns,434
bench_medium_complex_query,mysql_by_name,1,,,69500289.0,ns,441
bench_medium_complex_query,mysql_by_name,1,,,64934804.0,ns,448
bench_medium_complex_query,mysql_by_name,1,,,62308563.0,ns,455
bench_medium_complex_query,mysql_by_name,1,,,63879424.0,ns,462
bench_medium_complex_query,mysql_by_name,1,,,71208915.0,ns,469
bench_medium_complex_query,mysql_by_name,1,,,64057874.0,ns,476
bench_medium_complex_query,mysql_by_name,1,,,71551232.0,ns,483
bench_medium_complex_query,mysql_by_name,1,,,78589815.0,ns,490
bench_medium_complex_query,mysql_by_name,1,,,75433246.0,ns,497
bench_medium_complex_query,mysql_by_name,1,,,72263256.0,ns,504
bench_medium_complex_query,mysql_by_name,1,,,71775019.0,ns,511
bench_medium_complex_query,mysql_by_name,1,,,80280176.0,ns,518
bench_medium_complex_query,mysql_by_name,1,,,82340253.0,ns,525
bench_medium_complex_query,mysql_by_name,1,,,83717565.0,ns,532
bench_medium_complex_query,mysql_by_name,1,,,77722353.0,ns,539
bench_medium_complex_query,mysql_by_name,1,,,75120545.0,ns,546
bench_medium_complex_query,mysql_by_name,1,,,82425714.0,ns,553
bench_medium_complex_query,mysql_by_name,1,,,77509197.0,ns,560
bench_medium_complex_query,mysql_by_name,1,,,85992357.0,ns,567
bench_medium_complex_query,mysql_by_name,1,,,88301175.0,ns,574
bench_medium_complex_query,mysql_by_name,1,,,80244863.0,ns,581
bench_medium_complex_query,mysql_by_name,1,,,86255928.0,ns,588
bench_medium_complex_query,mysql_by_name,1,,,90566569.0,ns,595
bench_medium_complex_query,mysql_by_name,1,,,83019244.0,ns,602
bench_medium_complex_query,mysql_by_name,1,,,86779005.0,ns,609
bench_medium_complex_query,mysql_by_name,1,,,87382350.0,ns,616
bench_medium_complex_query,mysql_by_name,1,,,92348308.0,ns,623
bench_medium_complex_query,mysql_by_name,1,,,98265804.0,ns,630
bench_medium_complex_query,mysql_by_name,1,,,87427390.0,ns,637
bench_medium_complex_query,mysql_by_name,1,,,93899925.0,ns,644
bench_medium_complex_query,mysql_by_name,1,,,89711570.0,ns,651
bench_medium_complex_query,mysql_by_name,1,,,89134836.0,ns,658
bench_medium_complex_query,mysql_by_name,1,,,93127925.0,ns,665
bench_medium_complex_query,mysql_by_name,1,,,108544109.0,ns,672
bench_medium_complex_query,mysql_by_name,1,,,94114405.0,ns,679
bench_medium_complex_query,mysql_by_name,1,,,98626810.0,ns,686
bench_medium_complex_query,mysql_by_name,1,,,98101993.0,ns,693
bench_medium_complex_query,mysql_by_name,1,,,101009077.0,ns,700
