group,function,value,throughput_num,throughput_type,sample_measured_value,unit,iteration_count
bench_medium_complex_query,postgres_by_id,1,,,1518510.0,ns,16
bench_medium_complex_query,postgres_by_id,1,,,2636517.0,ns,32
bench_medium_complex_query,postgres_by_id,1,,,3578023.0,ns,48
bench_medium_complex_query,postgres_by_id,1,,,4934232.0,ns,64
bench_medium_complex_query,postgres_by_id,1,,,5845638.0,ns,80
bench_medium_complex_query,postgres_by_id,1,,,6845444.0,ns,96
bench_medium_complex_query,postgres_by_id,1,,,7618650.0,ns,112
bench_medium_complex_query,postgres_by_id,1,,,9675463.0,ns,128
bench_medium_complex_query,postgres_by_id,1,,,9718763.0,ns,144
bench_medium_complex_query,postgres_by_id,1,,,10870171.0,ns,160
bench_medium_complex_query,postgres_by_id,1,,,11793477.0,ns,176
bench_medium_complex_query,postgres_by_id,1,,,12793083.0,ns,192
bench_medium_complex_query,postgres_by_id,1,,,14254892.0,ns,208
bench_medium_complex_query,postgres_by_id,1,,,14935497.0,ns,224
bench_medium_complex_query,postgres_by_id,1,,,16344305.0,ns,240
bench_medium_complex_query,postgres_by_id,1,,,41669067.0,ns,256
bench_medium_complex_query,postgres_by_id,1,,,18083316.0,ns,272
bench_medium_complex_query,postgres_by_id,1,,,19142423.0,ns,288
bench_medium_complex_query,postgres_by_id,1,,,19833727.0,ns,304
bench_medium_complex_query,postgres_by_id,1,,,21132936.0,ns,320
bench_medium_complex_query,postgres_by_id,1,,,22483644.0,ns,336
bench_medium_complex_query,postgres_by_id,1,,,23151949.0,ns,352
bench_medium_complex_query,postgres_by_id,1,,,24802259.0,ns,368
bench_medium_complex_query,postgres_by_id,1,,,25271162.0,ns,384
bench_medium_complex_query,postgres_by_id,1,,,26501669.0,ns,400
bench_medium_complex_query,postgres_by_id,1,,,27427375.0,ns,416
bench_medium_complex_query,postgres_by_id,1,,,29165286.0,ns,432
bench_medium_complex_query,postgres_by_id,1,,,29952392.0,ns,448
bench_medium_complex_query,postgres_by_id,1,,,30893198.0,ns,464
bench_medium_complex_query,postgres_by_id,1,,,32041605.0,ns,480
bench_medium_complex_query,postgres_by_id,1,,,33360814.0,ns,496
bench_medium_complex_query,postgres_by_id,1,,,33439814.0,ns,512
bench_medium_complex_query,postgres_by_id,1,,,34659223.0,ns,528
bench_medium_complex_query,postgres_by_id,1,,,35614428.0,ns,544
bench_medium_complex_query,postgres_by_id,1,,,38046344.0,ns,560
bench_medium_complex_query,postgres_by_id,1,,,37682242.0,ns,576
bench_medium_complex_query,postgres_by_id,1,,,40101357.0,ns,592
bench_medium_complex_query,postgres_by_id,1,,,40495859.0,ns,608
bench_medium_complex_query,postgres_by_id,1,,,42371371.0,ns,624
bench_medium_complex_query,postgres_by_id,1,,,42465972.0,ns,640
bench_medium_complex_query,postgres_by_id,1,,,43267577.0,ns,656
bench_medium_complex_query,postgres_by_id,1,,,44419085.0,ns,672
bench_medium_complex_query,postgres_by_id,1,,,46183096.0,ns,688
bench_medium_complex_query,postgres_by_id,1,,,46362997.0,ns,704
bench_medium_complex_query,postgres_by_id,1,,,47683105.0,ns,720
bench_medium_complex_query,postgres_by_id,1,,,49678019.0,ns,736
bench_medium_complex_query,postgres_by_id,1,,,50934026.0,ns,752
bench_medium_complex_query,postgres_by_id,1,,,51874633.0,ns,768
bench_medium_complex_query,postgres_by_id,1,,,53394042.0,ns,784
bench_medium_complex_query,postgres_by_id,1,,,53853445.0,ns,800
bench_medium_complex_query,postgres_by_id,1,,,54182147.0,ns,816
bench_medium_complex_query,postgres_by_id,1,,,55213753.0,ns,832
bench_medium_complex_query,postgres_by_id,1,,,55696757.0,ns,848
bench_medium_complex_query,postgres_by_id,1,,,56744663.0,ns,864
bench_medium_complex_query,postgres_by_id,1,,,58294773.0,ns,880
bench_medium_complex_query,postgres_by_id,1,,,59108579.0,ns,896
bench_medium_complex_query,postgres_by_id,1,,,61329093.0,ns,912
bench_medium_complex_query,postgres_by_id,1,,,62275799.0,ns,928
bench_medium_complex_query,postgres_by_id,1,,,63566307.0,ns,944
bench_medium_complex_query,postgres_by_id,1,,,63616207.0,ns,960
bench_medium_complex_query,postgres_by_id,1,,,64310112.0,ns,976
bench_medium_complex_query,postgres_by_id,1,,,64892316.0,ns,992
bench_medium_complex_query,postgres_by_id,1,,,66283925.0,ns,1008
bench_medium_complex_query,postgres_by_id,1,,,67797534.0,ns,1024
bench_medium_complex_query,postgres_by_id,1,,,67941835.0,ns,1040
bench_medium_complex_query,postgres_by_id,1,,,70322350.0,ns,1056
bench_medium_complex_query,postgres_by_id,1,,,71396457.0,ns,1072
bench_medium_complex_query,postgres_by_id,1,,,71447358.0,ns,1088
bench_medium_complex_query,postgres_by_id,1,,,71690560.0,ns,1104
bench_medium_complex_query,postgres_by_id,1,,,73284470.0,ns,1120
bench_medium_complex_query,postgres_by_id,1,,,74563577.0,ns,1136
bench_medium_complex_query,postgres_by_id,1,,,75758585.0,ns,1152
bench_medium_complex_query,postgres_by_id,1,,,76123388.0,ns,1168
bench_medium_complex_query,postgres_by_id,1,,,78897106.0,ns,1184
bench_medium_complex_query,postgres_by_id,1,,,79348408.0,ns,1200
bench_medium_complex_query,postgres_by_id,1,,,80865618.0,ns,1216
bench_medium_complex_query,postgres_by_id,1,,,81543422.0,ns,1232
bench_medium_complex_query,postgres_by_id,1,,,82344328.0,ns,1248
bench_medium_complex_query,postgres_by_id,1,,,82670630.0,ns,1264
bench_medium_complex_query,postgres_by_id,1,,,86292252.0,ns,1280
bench_medium_complex_query,postgres_by_id,1,,,84959444.0,ns,1296
bench_medium_complex_query,postgres_by_id,1,,,85667449.0,ns,1312
bench_medium_complex_query,postgres_by_id,1,,,88389766.0,ns,1328
bench_medium_complex_query,postgres_by_id,1,,,88143365.0,ns,1344
bench_medium_complex_query,postgres_by_id,1,,,90476780.0,ns,1360
bench_medium_complex_query,postgres_by_id,1,,,92131191.0,ns,1376
bench_medium_complex_query,postgres_by_id,1,,,90509279.0,ns,1392
bench_medium_complex_query,postgres_by_id,1,,,92843095.0,ns,1408
bench_medium_complex_query,postgres_by_id,1,,,93585400.0,ns,1424
bench_medium_complex_query,postgres_by_id,1,,,94690107.0,ns,1440
bench_medium_complex_query,postgres_by_id,1,,,93746999.0,ns,1456
bench_medium_complex_query,postgres_by_id,1,,,97095719.0,ns,1472
bench_medium_complex_query,postgres_by_id,1,,,97353921.0,ns,1488
bench_medium_complex_query,postgres_by_id,1,,,99461635.0,ns,1504
bench_medium_complex_query,postgres_by_id,1,,,100947645.0,ns,1520
bench_medium_complex_query,postgres_by_id,1,,,102268353.0,ns,1536
bench_medium_complex_query,postgres_by_id,1,,,101804250.0,ns,1552
bench_medium_complex_query,postgres_by_id,1,,,103692762.0,ns,1568
bench_medium_complex_query,postgres_by_id,1,,,104291066.0,ns,1584
bench_medium_complex_query,postgres_by_id,1,,,109380798.0,ns,1600
