group,function,value,throughput_num,throughput_type,sample_measured_value,unit,iteration_count
bench_medium_complex_query,postgres_by_name,1,,,1576451.0,ns,15
bench_medium_complex_query,postgres_by_name,1,,,2280888.0,ns,30
bench_medium_complex_query,postgres_by_name,1,,,2883006.0,ns,45
bench_medium_complex_query,postgres_by_name,1,,,4673263.0,ns,60
bench_medium_complex_query,postgres_by_name,1,,,4668908.0,ns,75
bench_medium_complex_query,postgres_by_name,1,,,5646519.0,ns,90
bench_medium_complex_query,postgres_by_name,1,,,7676737.0,ns,105
bench_medium_complex_query,postgres_by_name,1,,,7057553.0,ns,120
bench_medium_complex_query,postgres_by_name,1,,,10629714.0,ns,135
bench_medium_complex_query,postgres_by_name,1,,,8973614.0,ns,150
bench_medium_complex_query,postgres_by_name,1,,,9356431.0,ns,165
bench_medium_complex_query,postgres_by_name,1,,,10296480.0,ns,180
bench_medium_complex_query,postgres_by_name,1,,,11203800.0,ns,195
bench_medium_complex_query,postgres_by_name,1,,,11992525.0,ns,210
bench_medium_complex_query,postgres_by_name,1,,,17565134.0,ns,225
bench_medium_complex_query,postgres_by_name,1,,,13960116.0,ns,240
bench_medium_complex_query,postgres_by_name,1,,,14803836.0,ns,255
bench_medium_complex_query,postgres_by_name,1,,,15327977.0,ns,270
bench_medium_complex_query,postgres_by_name,1,,,16222762.0,ns,285
bench_medium_complex_query,postgres_by_name,1,,,19790579.0,ns,300
bench_medium_complex_query,postgres_by_name,1,,,22228922.0,ns,315
bench_medium_complex_query,postgres_by_name,1,,,19877853.0,ns,330
bench_medium_complex_query,postgres_by_name,1,,,20244588.0,ns,345
bench_medium_complex_query,postgres_by_name,1,,,23394724.0,ns,360
bench_medium_complex_query,postgres_by_name,1,,,25239448.0,ns,375
bench_medium_complex_query,postgres_by_name,1,,,22225596.0,ns,390
bench_medium_complex_query,postgres_by_name,1,,,22585919.0,ns,405
bench_medium_complex_query,postgres_by_name,1,,,24429210.0,ns,420
bench_medium_complex_query,postgres_by_name,1,,,24650915.0,ns,435
bench_medium_complex_query,postgres_by_name,1,,,33845734.0,ns,450
bench_medium_complex_query,postgres_by_name,1,,,27516448.0,ns,465
bench_medium_complex_query,postgres_by_name,1,,,27230309.0,ns,480
bench_medium_complex_query,postgres_by_name,1,,,30571325.0,ns,495
bench_medium_complex_query,postgres_by_name,1,,,30619124.0,ns,510
bench_medium_complex_query,postgres_by_name,1,,,40574036.0,ns,525
bench_medium_complex_query,postgres_by_name,1,,,30771120.0,ns,540
bench_medium_complex_query,postgres_by_name,1,,,42800202.0,ns,555
bench_medium_complex_query,postgres_by_name,1,,,32322122.0,ns,570
bench_medium_complex_query,postgres_by_name,1,,,45419309.0,ns,585
bench_medium_complex_query,postgres_by_name,1,,,37403311.0,ns,600
bench_medium_complex_query,postgres_by_name,1,,,37114742.0,ns,615
bench_medium_complex_query,postgres_by_name,1,,,42254091.0,ns,630
bench_medium_complex_query,postgres_by_name,1,,,38482572.0,ns,645
bench_medium_complex_query,postgres_by_name,1,,,36495143.0,ns,660
bench_medium_complex_query,postgres_by_name,1,,,40016763.0,ns,675
bench_medium_complex_query,postgres_by_name,1,,,39366983.0,ns,690
bench_medium_complex_query,postgres_by_name,1,,,46504535.0,ns,705
bench_medium_complex_query,postgres_by_name,1,,,40930918.0,ns,720
bench_medium_complex_query,postgres_by_name,1,,,56800815.0,ns,735
bench_medium_complex_query,postgres_by_name,1,,,44150860.0,ns,750
bench_medium_complex_query,postgres_by_name,1,,,44385188.0,ns,765
bench_medium_complex_query,postgres_by_name,1,,,53809897.0,ns,780
bench_medium_complex_query,postgres_by_name,1,,,49091913.0,ns,795
bench_medium_complex_query,postgres_by_name,1,,,47241514.0,ns,810
bench_medium_complex_query,postgres_by_name,1,,,48126370.0,ns,825
bench_medium_complex_query,postgres_by_name,1,,,63978097.0,ns,840
bench_medium_complex_query,postgres_by_name,1,,,50023881.0,ns,855
bench_medium_complex_query,postgres_by_name,1,,,53570540.0,ns,870
bench_medium_complex_query,postgres_by_name,1,,,51869856.0,ns,885
bench_medium_complex_query,postgres_by_name,1,,,53248862.0,ns,900
bench_medium_complex_query,postgres_by_name,1,,,54931958.0,ns,915
bench_medium_complex_query,postgres_by_name,1,,,73272533.0,ns,930
bench_medium_complex_query,postgres_by_name,1,,,57567129.0,ns,945
bench_medium_complex_query,postgres_by_name,1,,,65417357.0,ns,960
bench_medium_complex_query,postgres_by_name,1,,,58705049.0,ns,975
bench_medium_complex_query,postgres_by_name,1,,,58719588.0,ns,990
bench_medium_complex_query,postgres_by_name,1,,,60901329.0,ns,1005
bench_medium_complex_query,postgres_by_name,1,,,70874114.0,ns,1020
bench_medium_complex_query,postgres_by_name,1,,,60766808.0,ns,1035
bench_medium_complex_query,postgres_by_name,1,,,69296902.0,ns,1050
bench_medium_complex_query,postgres_by_name,1,,,81550314.0,ns,1065
bench_medium_complex_query,postgres_by_name,1,,,63883350.0,ns,1080
bench_medium_complex_query,postgres_by_name,1,,,65577411.0,ns,1095
bench_medium_complex_query,postgres_by_name,1,,,76110405.0,ns,1110
bench_medium_complex_query,postgres_by_name,1,,,64307614.0,ns,1125
bench_medium_complex_query,postgres_by_name,1,,,83726894.0,ns,1140
bench_medium_complex_query,postgres_by_name,1,,,78790285.0,ns,1155
bench_medium_complex_query,postgres_by_name,1,,,67934879.0,ns,1170
bench_medium_complex_query,postgres_by_name,1,,,72111174.0,ns,1185
bench_medium_complex_query,postgres_by_name,1,,,68655502.0,ns,1200
bench_medium_complex_query,postgres_by_name,1,,,71227210.0,ns,1215
bench_medium_complex_query,postgres_by_name,1,,,74043806.0,ns,1230
bench_medium_complex_query,postgres_by_name,1,,,93870026.0,ns,1245
bench_medium_complex_query,postgres_by_name,1,,,79444678.0,ns,1260
bench_medium_complex_query,postgres_by_name,1,,,91188728.0,ns,1275
bench_medium_complex_query,postgres_by_name,1,,,87212186.0,ns,1290
bench_medium_complex_query,postgres_by_name,1,,,90166907.0,ns,1305
bench_medium_complex_query,postgres_by_name,1,,,81575435.0,ns,1320
bench_medium_complex_query,postgres_by_name,1,,,84106368.0,ns,1335
bench_medium_complex_query,postgres_by_name,1,,,98903924.0,ns,1350
bench_medium_complex_query,postgres_by_name,1,,,98878365.0,ns,1365
bench_medium_complex_query,postgres_by_name,1,,,94240204.0,ns,1380
bench_medium_complex_query,postgres_by_name,1,,,93762462.0,ns,1395
bench_medium_complex_query,postgres_by_name,1,,,81486697.0,ns,1410
bench_medium_complex_query,postgres_by_name,1,,,106018805.0,ns,1425
bench_medium_complex_query,postgres_by_name,1,,,85398255.0,ns,1440
bench_medium_complex_query,postgres_by_name,1,,,86038045.0,ns,1455
bench_medium_complex_query,postgres_by_name,1,,,88438086.0,ns,1470
bench_medium_complex_query,postgres_by_name,1,,,87668136.0,ns,1485
bench_medium_complex_query,postgres_by_name,1,,,105889134.0,ns,1500
