group,function,value,throughput_num,throughput_type,sample_measured_value,unit,iteration_count
bench_medium_complex_query,diesel_queryable_by_name,1,,,1039035.0,ns,97
bench_medium_complex_query,diesel_queryable_by_name,1,,,2029901.0,ns,194
bench_medium_complex_query,diesel_queryable_by_name,1,,,3057304.0,ns,291
bench_medium_complex_query,diesel_queryable_by_name,1,,,4066123.0,ns,388
bench_medium_complex_query,diesel_queryable_by_name,1,,,5100450.0,ns,485
bench_medium_complex_query,diesel_queryable_by_name,1,,,6111343.0,ns,582
bench_medium_complex_query,diesel_queryable_by_name,1,,,7127375.0,ns,679
bench_medium_complex_query,diesel_queryable_by_name,1,,,8102921.0,ns,776
bench_medium_complex_query,diesel_queryable_by_name,1,,,9167456.0,ns,873
bench_medium_complex_query,diesel_queryable_by_name,1,,,10113817.0,ns,970
bench_medium_complex_query,diesel_queryable_by_name,1,,,11188039.0,ns,1067
bench_medium_complex_query,diesel_queryable_by_name,1,,,12102580.0,ns,1164
bench_medium_complex_query,diesel_queryable_by_name,1,,,13165060.0,ns,1261
bench_medium_complex_query,diesel_queryable_by_name,1,,,14098598.0,ns,1358
bench_medium_complex_query,diesel_queryable_by_name,1,,,15225859.0,ns,1455
bench_medium_complex_query,diesel_queryable_by_name,1,,,16240698.0,ns,1552
bench_medium_complex_query,diesel_queryable_by_name,1,,,17214663.0,ns,1649
bench_medium_complex_query,diesel_queryable_by_name,1,,,18233810.0,ns,1746
bench_medium_complex_query,diesel_queryable_by_name,1,,,19261105.0,ns,1843
bench_medium_complex_query,diesel_queryable_by_name,1,,,20287466.0,ns,1940
bench_medium_complex_query,diesel_queryable_by_name,1,,,21278361.0,ns,2037
bench_medium_complex_query,diesel_queryable_by_name,1,,,22255280.0,ns,2134
bench_medium_complex_query,diesel_queryable_by_name,1,,,23302401.0,ns,2231
bench_medium_complex_query,diesel_queryable_by_name,1,,,24325567.0,ns,2328
bench_medium_complex_query,diesel_queryable_by_name,1,,,25230782.0,ns,2425
bench_medium_complex_query,diesel_queryable_by_name,1,,,26350879.0,ns,2522
bench_medium_complex_query,diesel_queryable_by_name,1,,,27439939.0,ns,2619
bench_medium_complex_query,diesel_queryable_by_name,1,,,28343650.0,ns,2716
bench_medium_complex_query,diesel_queryable_by_name,1,,,29348041.0,ns,2813
bench_medium_complex_query,diesel_queryable_by_name,1,,,30523211.0,ns,2910
bench_medium_complex_query,diesel_queryable_by_name,1,,,31465376.0,ns,3007
bench_medium_complex_query,diesel_queryable_by_name,1,,,32336236.0,ns,3104
bench_medium_complex_query,diesel_queryable_by_name,1,,,33213288.0,ns,3201
bench_medium_complex_query,diesel_queryable_by_name,1,,,34140766.0,ns,3298
bench_medium_complex_query,diesel_queryable_by_name,1,,,35284787.0,ns,3395
bench_medium_complex_query,diesel_queryable_by_name,1,,,36530781.0,ns,3492
bench_medium_complex_query,diesel_queryable_by_name,1,,,37494514.0,ns,3589
bench_medium_complex_query,diesel_queryable_by_name,1,,,38524143.0,ns,3686
bench_medium_complex_query,diesel_queryable_by_name,1,,,39598925.0,ns,3783
bench_medium_complex_query,diesel_queryable_by_name,1,,,40645805.0,ns,3880
bench_medium_complex_query,diesel_queryable_by_name,1,,,42527399.0,ns,3977
bench_medium_complex_query,diesel_queryable_by_name,1,,,42501710.0,ns,4074
bench_medium_complex_query,diesel_queryable_by_name,1,,,43433936.0,ns,4171
bench_medium_complex_query,diesel_queryable_by_name,1,,,44492527.0,ns,4268
bench_medium_complex_query,diesel_queryable_by_name,1,,,45530441.0,ns,4365
bench_medium_complex_query,diesel_queryable_by_name,1,,,46431438.0,ns,4462
bench_medium_complex_query,diesel_queryable_by_name,1,,,47579066.0,ns,4559
bench_medium_complex_query,diesel_queryable_by_name,1,,,48486957.0,ns,4656
bench_medium_complex_query,diesel_queryable_by_name,1,,,49464868.0,ns,4753
bench_medium_complex_query,diesel_queryable_by_name,1,,,50603310.0,ns,4850
bench_medium_complex_query,diesel_queryable_by_name,1,,,51564359.0,ns,4947
bench_medium_complex_query,diesel_queryable_by_name,1,,,52597183.0,ns,5044
bench_medium_complex_query,diesel_queryable_by_name,1,,,53606723.0,ns,5141
bench_medium_complex_query,diesel_queryable_by_name,1,,,54538728.0,ns,5238
bench_medium_complex_query,diesel_queryable_by_name,1,,,55550743.0,ns,5335
bench_medium_complex_query,diesel_queryable_by_name,1,,,56583416.0,ns,5432
bench_medium_complex_query,diesel_queryable_by_name,1,,,57663489.0,ns,5529
bench_medium_complex_query,diesel_queryable_by_name,1,,,58734365.0,ns,5626
bench_medium_complex_query,diesel_queryable_by_name,1,,,59550613.0,ns,5723
bench_medium_complex_query,diesel_queryable_by_name,1,,,60671141.0,ns,5820
bench_medium_complex_query,diesel_queryable_by_name,1,,,61722279.0,ns,5917
bench_medium_complex_query,diesel_queryable_by_name,1,,,63064072.0,ns,6014
bench_medium_complex_query,diesel_queryable_by_name,1,,,63654998.0,ns,6111
bench_medium_complex_query,diesel_queryable_by_name,1,,,64589357.0,ns,6208
bench_medium_complex_query,diesel_queryable_by_name,1,,,65797599.0,ns,6305
bench_medium_complex_query,diesel_queryable_by_name,1,,,66930180.0,ns,6402
bench_medium_complex_query,diesel_queryable_by_name,1,,,67850504.0,ns,6499
bench_medium_complex_query,diesel_queryable_by_name,1,,,69117345.0,ns,6596
bench_medium_complex_query,diesel_queryable_by_name,1,,,70182450.0,ns,6693
bench_medium_complex_query,diesel_queryable_by_name,1,,,70836115.0,ns,6790
bench_medium_complex_query,diesel_queryable_by_name,1,,,71481873.0,ns,6887
bench_medium_complex_query,diesel_queryable_by_name,1,,,73152258.0,ns,6984
bench_medium_complex_query,diesel_queryable_by_name,1,,,73898791.0,ns,7081
bench_medium_complex_query,diesel_queryable_by_name,1,,,75315665.0,ns,7178
bench_medium_complex_query,diesel_queryable_by_name,1,,,76781569.0,ns,7275
bench_medium_complex_query,diesel_queryable_by_name,1,,,76407771.0,ns,7372
bench_medium_complex_query,diesel_queryable_by_name,1,,,77891399.0,ns,7469
bench_medium_complex_query,diesel_queryable_by_name,1,,,78442708.0,ns,7566
bench_medium_complex_query,diesel_queryable_by_name,1,,,79628669.0,ns,7663
bench_medium_complex_query,diesel_queryable_by_name,1,,,81036837.0,ns,7760
bench_medium_complex_query,diesel_queryable_by_name,1,,,81987761.0,ns,7857
bench_medium_complex_query,diesel_queryable_by_name,1,,,82989849.0,ns,7954
bench_medium_complex_query,diesel_queryable_by_name,1,,,83957835.0,ns,8051
bench_medium_complex_query,diesel_queryable_by_name,1,,,84517178.0,ns,8148
bench_medium_complex_query,diesel_queryable_by_name,1,,,85739008.0,ns,8245
bench_medium_complex_query,diesel_queryable_by_name,1,,,87148066.0,ns,8342
bench_medium_complex_query,diesel_queryable_by_name,1,,,88863286.0,ns,8439
bench_medium_complex_query,diesel_queryable_by_name,1,,,89719503.0,ns,8536
bench_medium_complex_query,diesel_queryable_by_name,1,,,90007219.0,ns,8633
bench_medium_complex_query,diesel_queryable_by_name,1,,,91389378.0,ns,8730
bench_medium_complex_query,diesel_queryable_by_name,1,,,92194380.0,ns,8827
bench_medium_complex_query,diesel_queryable_by_name,1,,,93093707.0,ns,8924
bench_medium_complex_query,diesel_queryable_by_name,1,,,94185944.0,ns,9021
bench_medium_complex_query,diesel_queryable_by_name,1,,,95033585.0,ns,9118
bench_medium_complex_query,diesel_queryable_by_name,1,,,96104414.0,ns,9215
bench_medium_complex_query,diesel_queryable_by_name,1,,,96996967.0,ns,9312
bench_medium_complex_query,diesel_queryable_by_name,1,,,98122986.0,ns,9409
bench_medium_complex_query,diesel_queryable_by_name,1,,,100204673.0,ns,9506
bench_medium_complex_query,diesel_queryable_by_name,1,,,100839692.0,ns,9603
bench_medium_complex_query,diesel_queryable_by_name,1,,,101826099.0,ns,9700
