group,function,value,throughput_num,throughput_type,sample_measured_value,unit,iteration_count
bench_medium_complex_query,diesel_queryable_by_name,10,,,1799725.0,ns,5
bench_medium_complex_query,diesel_queryable_by_name,10,,,3149443.0,ns,10
bench_medium_complex_query,diesel_queryable_by_name,10,,,4213858.0,ns,15
bench_medium_complex_query,diesel_queryable_by_name,10,,,5531176.0,ns,20
bench_medium_complex_query,diesel_queryable_by_name,10,,,7686506.0,ns,25
bench_medium_complex_query,diesel_queryable_by_name,10,,,7484403.0,ns,30
bench_medium_complex_query,diesel_queryable_by_name,10,,,8831722.0,ns,35
bench_medium_complex_query,diesel_queryable_by_name,10,,,10139540.0,ns,40
bench_medium_complex_query,diesel_queryable_by_name,10,,,11294756.0,ns,45
bench_medium_complex_query,diesel_queryable_by_name,10,,,15344112.0,ns,50
bench_medium_complex_query,diesel_queryable_by_name,10,,,13236883.0,ns,55
bench_medium_complex_query,diesel_queryable_by_name,10,,,14877006.0,ns,60
bench_medium_complex_query,diesel_queryable_by_name,10,,,15326212.0,ns,65
bench_medium_complex_query,diesel_queryable_by_name,10,,,17005534.0,ns,70
bench_medium_complex_query,diesel_queryable_by_name,10,,,19456469.0,ns,75
bench_medium_complex_query,diesel_queryable_by_name,10,,,19475869.0,ns,80
bench_medium_complex_query,diesel_queryable_by_name,10,,,20437882.0,ns,85
bench_medium_complex_query,diesel_queryable_by_name,10,,,23956330.0,ns,90
bench_medium_complex_query,diesel_queryable_by_name,10,,,33111258.0,ns,95
bench_medium_complex_query,diesel_queryable_by_name,10,,,23154720.0,ns,100
bench_medium_complex_query,diesel_queryable_by_name,10,,,24767542.0,ns,105
bench_medium_complex_query,diesel_queryable_by_name,10,,,26840271.0,ns,110
bench_medium_complex_query,diesel_queryable_by_name,10,,,27401178.0,ns,115
bench_medium_complex_query,diesel_queryable_by_name,10,,,28091387.0,ns,120
bench_medium_complex_query,diesel_queryable_by_name,10,,,39006639.0,ns,125
bench_medium_complex_query,diesel_queryable_by_name,10,,,29719010.0,ns,130
bench_medium_complex_query,diesel_queryable_by_name,10,,,32036942.0,ns,135
bench_medium_complex_query,diesel_queryable_by_name,10,,,43497200.0,ns,140
bench_medium_complex_query,diesel_queryable_by_name,10,,,33721565.0,ns,145
bench_medium_complex_query,diesel_queryable_by_name,10,,,34653178.0,ns,150
bench_medium_complex_query,diesel_queryable_by_name,10,,,37701620.0,ns,155
bench_medium_complex_query,diesel_queryable_by_name,10,,,38111926.0,ns,160
bench_medium_complex_query,diesel_queryable_by_name,10,,,42948893.0,ns,165
bench_medium_complex_query,diesel_queryable_by_name,10,,,38550033.0,ns,170
bench_medium_complex_query,diesel_queryable_by_name,10,,,38456031.0,ns,175
bench_medium_complex_query,diesel_queryable_by_name,10,,,42071781.0,ns,180
bench_medium_complex_query,diesel_queryable_by_name,10,,,42706789.0,ns,185
bench_medium_complex_query,diesel_queryable_by_name,10,,,55060561.0,ns,190
bench_medium_complex_query,diesel_queryable_by_name,10,,,52330523.0,ns,195
bench_medium_complex_query,diesel_queryable_by_name,10,,,49996691.0,ns,200
bench_medium_complex_query,diesel_queryable_by_name,10,,,52313922.0,ns,205
bench_medium_complex_query,diesel_queryable_by_name,10,,,57803698.0,ns,210
bench_medium_complex_query,diesel_queryable_by_name,10,,,50441797.0,ns,215
bench_medium_complex_query,diesel_queryable_by_name,10,,,53394237.0,ns,220
bench_medium_complex_query,diesel_queryable_by_name,10,,,52582426.0,ns,225
bench_medium_complex_query,diesel_queryable_by_name,10,,,52734228.0,ns,230
bench_medium_complex_query,diesel_queryable_by_name,10,,,57547195.0,ns,235
bench_medium_complex_query,diesel_queryable_by_name,10,,,55875872.0,ns,240
bench_medium_complex_query,diesel_queryable_by_name,10,,,57940700.0,ns,245
bench_medium_complex_query,diesel_queryable_by_name,10,,,57902499.0,ns,250
bench_medium_complex_query,diesel_queryable_by_name,10,,,60825840.0,ns,255
bench_medium_complex_query,diesel_queryable_by_name,10,,,68313044.0,ns,260
bench_medium_complex_query,diesel_queryable_by_name,10,,,61594550.0,ns,265
bench_medium_complex_query,diesel_queryable_by_name,10,,,63373876.0,ns,270
bench_medium_complex_query,diesel_queryable_by_name,10,,,63209073.0,ns,275
bench_medium_complex_query,diesel_queryable_by_name,10,,,69879665.0,ns,280
bench_medium_complex_query,diesel_queryable_by_name,10,,,78281082.0,ns,285
bench_medium_complex_query,diesel_queryable_by_name,10,,,72010595.0,ns,290
bench_medium_complex_query,diesel_queryable_by_name,10,,,66241015.0,ns,295
bench_medium_complex_query,diesel_queryable_by_name,10,,,72927708.0,ns,300
bench_medium_complex_query,diesel_queryable_by_name,10,,,67627334.0,ns,305
bench_medium_complex_query,diesel_queryable_by_name,10,,,75627545.0,ns,310
bench_medium_complex_query,diesel_queryable_by_name,10,,,74381628.0,ns,315
bench_medium_complex_query,diesel_queryable_by_name,10,,,84651169.0,ns,320
bench_medium_complex_query,diesel_queryable_by_name,10,,,76057550.0,ns,325
bench_medium_complex_query,diesel_queryable_by_name,10,,,77550572.0,ns,330
bench_medium_complex_query,diesel_queryable_by_name,10,,,77294068.0,ns,335
bench_medium_complex_query,diesel_queryable_by_name,10,,,76869162.0,ns,340
bench_medium_complex_query,diesel_queryable_by_name,10,,,80559512.0,ns,345
bench_medium_complex_query,diesel_queryable_by_name,10,,,83758457.0,ns,350
bench_medium_complex_query,diesel_queryable_by_name,10,,,83078447.0,ns,355
bench_medium_complex_query,diesel_queryable_by_name,10,,,84168262.0,ns,360
bench_medium_complex_query,diesel_queryable_by_name,10,,,86463094.0,ns,365
bench_medium_complex_query,diesel_queryable_by_name,10,,,95924625.0,ns,370
bench_medium_complex_query,diesel_queryable_by_name,10,,,88806126.0,ns,375
bench_medium_complex_query,diesel_queryable_by_name,10,,,87230105.0,ns,380
bench_medium_complex_query,diesel_queryable_by_name,10,,,95234115.0,ns,385
bench_medium_complex_query,diesel_queryable_by_name,10,,,91284961.0,ns,390
bench_medium_complex_query,diesel_queryable_by_name,10,,,119097945.0,ns,395
bench_medium_complex_query,diesel_queryable_by_name,10,,,101138397.0,ns,400
bench_medium_complex_query,diesel_queryable_by_name,10,,,103739533.0,ns,405
bench_medium_complex_query,diesel_queryable_by_name,10,,,97817451.0,ns,410
bench_medium_complex_query,diesel_queryable_by_name,10,,,94909511.0,ns,415
bench_medium_complex_query,diesel_queryable_by_name,10,,,98332358.0,ns,420
bench_medium_complex_query,diesel_queryable_by_name,10,,,99242171.0,ns,425
bench_medium_complex_query,diesel_queryable_by_name,10,,,97715750.0,ns,430
bench_medium_complex_query,diesel_queryable_by_name,10,,,99748178.0,ns,435
bench_medium_complex_query,diesel_queryable_by_name,10,,,107266382.0,ns,440
bench_medium_complex_query,diesel_queryable_by_name,10,,,103363728.0,ns,445
bench_medium_complex_query,diesel_queryable_by_name,10,,,219153227.0,ns,450
bench_medium_complex_query,diesel_queryable_by_name,10,,,109943619.0,ns,455
bench_medium_complex_query,diesel_queryable_by_name,10,,,118727940.0,ns,460
bench_medium_complex_query,diesel_queryable_by_name,10,,,122122087.0,ns,465
bench_medium_complex_query,diesel_queryable_by_name,10,,,109442712.0,ns,470
bench_medium_complex_query,diesel_queryable_by_name,10,,,114955388.0,ns,475
bench_medium_complex_query,diesel_queryable_by_name,10,,,107286782.0,ns,480
bench_medium_complex_query,diesel_queryable_by_name,10,,,109578814.0,ns,485
bench_medium_complex_query,diesel_queryable_by_name,10,,,114354879.0,ns,490
bench_medium_complex_query,diesel_queryable_by_name,10,,,117990630.0,ns,495
bench_medium_complex_query,diesel_queryable_by_name,10,,,121611080.0,ns,500
