group,function,value,throughput_num,throughput_type,sample_measured_value,unit,iteration_count
bench_loading_associations_sequentially,sea-orm,,,,95064960.0,ns,23
bench_loading_associations_sequentially,sea-orm,,,,53745907.0,ns,23
bench_loading_associations_sequentially,sea-orm,,,,52604512.0,ns,23
bench_loading_associations_sequentially,sea-orm,,,,52643512.0,ns,23
bench_loading_associations_sequentially,sea-orm,,,,67324460.0,ns,23
bench_loading_associations_sequentially,sea-orm,,,,54317006.0,ns,23
bench_loading_associations_sequentially,sea-orm,,,,51870715.0,ns,23
bench_loading_associations_sequentially,sea-orm,,,,61242881.0,ns,23
bench_loading_associations_sequentially,sea-orm,,,,53546609.0,ns,23
bench_loading_associations_sequentially,sea-orm,,,,52648207.0,ns,23
bench_loading_associations_sequentially,sea-orm,,,,53692903.0,ns,23
bench_loading_associations_sequentially,sea-orm,,,,93330257.0,ns,23
bench_loading_associations_sequentially,sea-orm,,,,100587130.0,ns,23
bench_loading_associations_sequentially,sea-orm,,,,67576651.0,ns,23
bench_loading_associations_sequentially,sea-orm,,,,53425403.0,ns,23
bench_loading_associations_sequentially,sea-orm,,,,52907906.0,ns,23
bench_loading_associations_sequentially,sea-orm,,,,52926005.0,ns,23
bench_loading_associations_sequentially,sea-orm,,,,96934643.0,ns,23
bench_loading_associations_sequentially,sea-orm,,,,53517603.0,ns,23
bench_loading_associations_sequentially,sea-orm,,,,97316042.0,ns,23
bench_loading_associations_sequentially,sea-orm,,,,51983309.0,ns,23
bench_loading_associations_sequentially,sea-orm,,,,51761309.0,ns,23
bench_loading_associations_sequentially,sea-orm,,,,51968909.0,ns,23
bench_loading_associations_sequentially,sea-orm,,,,99692133.0,ns,23
bench_loading_associations_sequentially,sea-orm,,,,52723906.0,ns,23
bench_loading_associations_sequentially,sea-orm,,,,56222194.0,ns,23
bench_loading_associations_sequentially,sea-orm,,,,111061391.0,ns,23
bench_loading_associations_sequentially,sea-orm,,,,56272093.0,ns,23
bench_loading_associations_sequentially,sea-orm,,,,54327801.0,ns,23
bench_loading_associations_sequentially,sea-orm,,,,61482474.0,ns,23
bench_loading_associations_sequentially,sea-orm,,,,52002109.0,ns,23
bench_loading_associations_sequentially,sea-orm,,,,105700912.0,ns,23
bench_loading_associations_sequentially,sea-orm,,,,52626706.0,ns,23
bench_loading_associations_sequentially,sea-orm,,,,59927180.0,ns,23
bench_loading_associations_sequentially,sea-orm,,,,64049664.0,ns,23
bench_loading_associations_sequentially,sea-orm,,,,53231804.0,ns,23
bench_loading_associations_sequentially,sea-orm,,,,53565003.0,ns,23
bench_loading_associations_sequentially,sea-orm,,,,53050605.0,ns,23
bench_loading_associations_sequentially,sea-orm,,,,95357349.0,ns,23
bench_loading_associations_sequentially,sea-orm,,,,53751502.0,ns,23
bench_loading_associations_sequentially,sea-orm,,,,101965525.0,ns,23
bench_loading_associations_sequentially,sea-orm,,,,53689802.0,ns,23
bench_loading_associations_sequentially,sea-orm,,,,52613607.0,ns,23
bench_loading_associations_sequentially,sea-orm,,,,53225204.0,ns,23
bench_loading_associations_sequentially,sea-orm,,,,53880002.0,ns,23
bench_loading_associations_sequentially,sea-orm,,,,57620188.0,ns,23
bench_loading_associations_sequentially,sea-orm,,,,53523303.0,ns,23
bench_loading_associations_sequentially,sea-orm,,,,102889821.0,ns,23
bench_loading_associations_sequentially,sea-orm,,,,51330211.0,ns,23
bench_loading_associations_sequentially,sea-orm,,,,53190004.0,ns,23
bench_loading_associations_sequentially,sea-orm,,,,61666673.0,ns,23
bench_loading_associations_sequentially,sea-orm,,,,53361204.0,ns,23
bench_loading_associations_sequentially,sea-orm,,,,54072001.0,ns,23
bench_loading_associations_sequentially,sea-orm,,,,53720302.0,ns,23
bench_loading_associations_sequentially,sea-orm,,,,53384703.0,ns,23
bench_loading_associations_sequentially,sea-orm,,,,52892905.0,ns,23
bench_loading_associations_sequentially,sea-orm,,,,54192801.0,ns,23
bench_loading_associations_sequentially,sea-orm,,,,51823610.0,ns,23
bench_loading_associations_sequentially,sea-orm,,,,54698899.0,ns,23
bench_loading_associations_sequentially,sea-orm,,,,52013608.0,ns,23
bench_loading_associations_sequentially,sea-orm,,,,52154708.0,ns,23
bench_loading_associations_sequentially,sea-orm,,,,52531007.0,ns,23
bench_loading_associations_sequentially,sea-orm,,,,53536603.0,ns,23
bench_loading_associations_sequentially,sea-orm,,,,61497674.0,ns,23
bench_loading_associations_sequentially,sea-orm,,,,52138508.0,ns,23
bench_loading_associations_sequentially,sea-orm,,,,101889725.0,ns,23
bench_loading_associations_sequentially,sea-orm,,,,52210408.0,ns,23
bench_loading_associations_sequentially,sea-orm,,,,94908051.0,ns,23
bench_loading_associations_sequentially,sea-orm,,,,52715807.0,ns,23
bench_loading_associations_sequentially,sea-orm,,,,77879213.0,ns,23
bench_loading_associations_sequentially,sea-orm,,,,52771905.0,ns,23
bench_loading_associations_sequentially,sea-orm,,,,52481407.0,ns,23
bench_loading_associations_sequentially,sea-orm,,,,52351307.0,ns,23
bench_loading_associations_sequentially,sea-orm,,,,52125508.0,ns,23
bench_loading_associations_sequentially,sea-orm,,,,54915098.0,ns,23
bench_loading_associations_sequentially,sea-orm,,,,102794622.0,ns,23
bench_loading_associations_sequentially,sea-orm,,,,53339503.0,ns,23
bench_loading_associations_sequentially,sea-orm,,,,98971936.0,ns,23
bench_loading_associations_sequentially,sea-orm,,,,52766206.0,ns,23
bench_loading_associations_sequentially,sea-orm,,,,92898458.0,ns,23
bench_loading_associations_sequentially,sea-orm,,,,51909809.0,ns,23
bench_loading_associations_sequentially,sea-orm,,,,91307564.0,ns,23
bench_loading_associations_sequentially,sea-orm,,,,51832609.0,ns,23
bench_loading_associations_sequentially,sea-orm,,,,50775314.0,ns,23
bench_loading_associations_sequentially,sea-orm,,,,82394197.0,ns,23
bench_loading_associations_sequentially,sea-orm,,,,52365208.0,ns,23
bench_loading_associations_sequentially,sea-orm,,,,52708606.0,ns,23
bench_loading_associations_sequentially,sea-orm,,,,52354007.0,ns,23
bench_loading_associations_sequentially,sea-orm,,,,61106976.0,ns,23
bench_loading_associations_sequentially,sea-orm,,,,52830806.0,ns,23
bench_loading_associations_sequentially,sea-orm,,,,95797047.0,ns,23
bench_loading_associations_sequentially,sea-orm,,,,53885502.0,ns,23
bench_loading_associations_sequentially,sea-orm,,,,63468467.0,ns,23
bench_loading_associations_sequentially,sea-orm,,,,100989529.0,ns,23
bench_loading_associations_sequentially,sea-orm,,,,86931180.0,ns,23
bench_loading_associations_sequentially,sea-orm,,,,51882809.0,ns,23
bench_loading_associations_sequentially,sea-orm,,,,53592903.0,ns,23
bench_loading_associations_sequentially,sea-orm,,,,54075301.0,ns,23
bench_loading_associations_sequentially,sea-orm,,,,97734341.0,ns,23
bench_loading_associations_sequentially,sea-orm,,,,52547107.0,ns,23
