group,function,value,throughput_num,throughput_type,sample_measured_value,unit,iteration_count
bench_trivial_query,mysql_by_id,100,,,1112891.0,ns,6
bench_trivial_query,mysql_by_id,100,,,2159182.0,ns,12
bench_trivial_query,mysql_by_id,100,,,3244874.0,ns,18
bench_trivial_query,mysql_by_id,100,,,4158467.0,ns,24
bench_trivial_query,mysql_by_id,100,,,5214858.0,ns,30
bench_trivial_query,mysql_by_id,100,,,6174150.0,ns,36
bench_trivial_query,mysql_by_id,100,,,7386640.0,ns,42
bench_trivial_query,mysql_by_id,100,,,8265333.0,ns,48
bench_trivial_query,mysql_by_id,100,,,9239425.0,ns,54
bench_trivial_query,mysql_by_id,100,,,10136018.0,ns,60
bench_trivial_query,mysql_by_id,100,,,11205709.0,ns,66
bench_trivial_query,mysql_by_id,100,,,12631097.0,ns,72
bench_trivial_query,mysql_by_id,100,,,13330492.0,ns,78
bench_trivial_query,mysql_by_id,100,,,14478882.0,ns,84
bench_trivial_query,mysql_by_id,100,,,15286876.0,ns,90
bench_trivial_query,mysql_by_id,100,,,16525166.0,ns,96
bench_trivial_query,mysql_by_id,100,,,17294260.0,ns,102
bench_trivial_query,mysql_by_id,100,,,18488950.0,ns,108
bench_trivial_query,mysql_by_id,100,,,19637841.0,ns,114
bench_trivial_query,mysql_by_id,100,,,20618733.0,ns,120
bench_trivial_query,mysql_by_id,100,,,21487926.0,ns,126
bench_trivial_query,mysql_by_id,100,,,22434918.0,ns,132
bench_trivial_query,mysql_by_id,100,,,23233912.0,ns,138
bench_trivial_query,mysql_by_id,100,,,24332003.0,ns,144
bench_trivial_query,mysql_by_id,100,,,25638892.0,ns,150
bench_trivial_query,mysql_by_id,100,,,26949182.0,ns,156
bench_trivial_query,mysql_by_id,100,,,27565177.0,ns,162
bench_trivial_query,mysql_by_id,100,,,28964866.0,ns,168
bench_trivial_query,mysql_by_id,100,,,29205806.0,ns,174
bench_trivial_query,mysql_by_id,100,,,30705496.0,ns,180
bench_trivial_query,mysql_by_id,100,,,32298586.0,ns,186
bench_trivial_query,mysql_by_id,100,,,32485984.0,ns,192
bench_trivial_query,mysql_by_id,100,,,33592277.0,ns,198
bench_trivial_query,mysql_by_id,100,,,34412272.0,ns,204
bench_trivial_query,mysql_by_id,100,,,35962562.0,ns,210
bench_trivial_query,mysql_by_id,100,,,36265059.0,ns,216
bench_trivial_query,mysql_by_id,100,,,37329552.0,ns,222
bench_trivial_query,mysql_by_id,100,,,39857936.0,ns,228
bench_trivial_query,mysql_by_id,100,,,40513131.0,ns,234
bench_trivial_query,mysql_by_id,100,,,41255627.0,ns,240
bench_trivial_query,mysql_by_id,100,,,42195621.0,ns,246
bench_trivial_query,mysql_by_id,100,,,43224713.0,ns,252
bench_trivial_query,mysql_by_id,100,,,44091208.0,ns,258
bench_trivial_query,mysql_by_id,100,,,45794397.0,ns,264
bench_trivial_query,mysql_by_id,100,,,45959495.0,ns,270
bench_trivial_query,mysql_by_id,100,,,50290566.0,ns,276
bench_trivial_query,mysql_by_id,100,,,48032782.0,ns,282
bench_trivial_query,mysql_by_id,100,,,48973675.0,ns,288
bench_trivial_query,mysql_by_id,100,,,50145167.0,ns,294
bench_trivial_query,mysql_by_id,100,,,51038361.0,ns,300
bench_trivial_query,mysql_by_id,100,,,51546958.0,ns,306
bench_trivial_query,mysql_by_id,100,,,54015342.0,ns,312
bench_trivial_query,mysql_by_id,100,,,54781437.0,ns,318
bench_trivial_query,mysql_by_id,100,,,54579039.0,ns,324
bench_trivial_query,mysql_by_id,100,,,55885730.0,ns,330
bench_trivial_query,mysql_by_id,100,,,57341520.0,ns,336
bench_trivial_query,mysql_by_id,100,,,57208520.0,ns,342
bench_trivial_query,mysql_by_id,100,,,63302580.0,ns,348
bench_trivial_query,mysql_by_id,100,,,59667905.0,ns,354
bench_trivial_query,mysql_by_id,100,,,60850397.0,ns,360
bench_trivial_query,mysql_by_id,100,,,62375986.0,ns,366
bench_trivial_query,mysql_by_id,100,,,63277280.0,ns,372
bench_trivial_query,mysql_by_id,100,,,63313480.0,ns,378
bench_trivial_query,mysql_by_id,100,,,65175668.0,ns,384
bench_trivial_query,mysql_by_id,100,,,67010555.0,ns,390
bench_trivial_query,mysql_by_id,100,,,67829750.0,ns,396
bench_trivial_query,mysql_by_id,100,,,68167748.0,ns,402
bench_trivial_query,mysql_by_id,100,,,68874343.0,ns,408
bench_trivial_query,mysql_by_id,100,,,73463013.0,ns,414
bench_trivial_query,mysql_by_id,100,,,72060723.0,ns,420
bench_trivial_query,mysql_by_id,100,,,71852024.0,ns,426
bench_trivial_query,mysql_by_id,100,,,72858317.0,ns,432
bench_trivial_query,mysql_by_id,100,,,73558313.0,ns,438
bench_trivial_query,mysql_by_id,100,,,75085902.0,ns,444
bench_trivial_query,mysql_by_id,100,,,75971596.0,ns,450
bench_trivial_query,mysql_by_id,100,,,77230259.0,ns,456
bench_trivial_query,mysql_by_id,100,,,79438347.0,ns,462
bench_trivial_query,mysql_by_id,100,,,79374547.0,ns,468
bench_trivial_query,mysql_by_id,100,,,83375114.0,ns,474
bench_trivial_query,mysql_by_id,100,,,81795628.0,ns,480
bench_trivial_query,mysql_by_id,100,,,82860319.0,ns,486
bench_trivial_query,mysql_by_id,100,,,83117117.0,ns,492
bench_trivial_query,mysql_by_id,100,,,85017501.0,ns,498
bench_trivial_query,mysql_by_id,100,,,84804403.0,ns,504
bench_trivial_query,mysql_by_id,100,,,86739087.0,ns,510
bench_trivial_query,mysql_by_id,100,,,87563680.0,ns,516
bench_trivial_query,mysql_by_id,100,,,90332157.0,ns,522
bench_trivial_query,mysql_by_id,100,,,89951261.0,ns,528
bench_trivial_query,mysql_by_id,100,,,90518556.0,ns,534
bench_trivial_query,mysql_by_id,100,,,90800253.0,ns,540
bench_trivial_query,mysql_by_id,100,,,92249441.0,ns,546
bench_trivial_query,mysql_by_id,100,,,92829837.0,ns,552
bench_trivial_query,mysql_by_id,100,,,93614730.0,ns,558
bench_trivial_query,mysql_by_id,100,,,94940119.0,ns,564
bench_trivial_query,mysql_by_id,100,,,96545407.0,ns,570
bench_trivial_query,mysql_by_id,100,,,100427575.0,ns,576
bench_trivial_query,mysql_by_id,100,,,98754988.0,ns,582
bench_trivial_query,mysql_by_id,100,,,99500982.0,ns,588
bench_trivial_query,mysql_by_id,100,,,100648472.0,ns,594
bench_trivial_query,mysql_by_id,100,,,100828672.0,ns,600
