group,function,value,throughput_num,throughput_type,sample_measured_value,unit,iteration_count
bench_medium_complex_query,diesel_queryable_by_name,100,,,1015403.0,ns,13
bench_medium_complex_query,diesel_queryable_by_name,100,,,1990404.0,ns,26
bench_medium_complex_query,diesel_queryable_by_name,100,,,2998807.0,ns,39
bench_medium_complex_query,diesel_queryable_by_name,100,,,3939010.0,ns,52
bench_medium_complex_query,diesel_queryable_by_name,100,,,4959112.0,ns,65
bench_medium_complex_query,diesel_queryable_by_name,100,,,5945714.0,ns,78
bench_medium_complex_query,diesel_queryable_by_name,100,,,6947617.0,ns,91
bench_medium_complex_query,diesel_queryable_by_name,100,,,7929019.0,ns,104
bench_medium_complex_query,diesel_queryable_by_name,100,,,8954322.0,ns,117
bench_medium_complex_query,diesel_queryable_by_name,100,,,9930124.0,ns,130
bench_medium_complex_query,diesel_queryable_by_name,100,,,11058227.0,ns,143
bench_medium_complex_query,diesel_queryable_by_name,100,,,11888128.0,ns,156
bench_medium_complex_query,diesel_queryable_by_name,100,,,12872431.0,ns,169
bench_medium_complex_query,diesel_queryable_by_name,100,,,13975233.0,ns,182
bench_medium_complex_query,diesel_queryable_by_name,100,,,14912036.0,ns,195
bench_medium_complex_query,diesel_queryable_by_name,100,,,15854039.0,ns,208
bench_medium_complex_query,diesel_queryable_by_name,100,,,16688940.0,ns,221
bench_medium_complex_query,diesel_queryable_by_name,100,,,17671643.0,ns,234
bench_medium_complex_query,diesel_queryable_by_name,100,,,18854046.0,ns,247
bench_medium_complex_query,diesel_queryable_by_name,100,,,19961348.0,ns,260
bench_medium_complex_query,diesel_queryable_by_name,100,,,20831750.0,ns,273
bench_medium_complex_query,diesel_queryable_by_name,100,,,21831052.0,ns,286
bench_medium_complex_query,diesel_queryable_by_name,100,,,22793455.0,ns,299
bench_medium_complex_query,diesel_queryable_by_name,100,,,23840958.0,ns,312
bench_medium_complex_query,diesel_queryable_by_name,100,,,25109861.0,ns,325
bench_medium_complex_query,diesel_queryable_by_name,100,,,26109863.0,ns,338
bench_medium_complex_query,diesel_queryable_by_name,100,,,26799564.0,ns,351
bench_medium_complex_query,diesel_queryable_by_name,100,,,27657766.0,ns,364
bench_medium_complex_query,diesel_queryable_by_name,100,,,28626769.0,ns,377
bench_medium_complex_query,diesel_queryable_by_name,100,,,29341070.0,ns,390
bench_medium_complex_query,diesel_queryable_by_name,100,,,30639773.0,ns,403
bench_medium_complex_query,diesel_queryable_by_name,100,,,31506676.0,ns,416
bench_medium_complex_query,diesel_queryable_by_name,100,,,32683878.0,ns,429
bench_medium_complex_query,diesel_queryable_by_name,100,,,33671881.0,ns,442
bench_medium_complex_query,diesel_queryable_by_name,100,,,34725184.0,ns,455
bench_medium_complex_query,diesel_queryable_by_name,100,,,35702585.0,ns,468
bench_medium_complex_query,diesel_queryable_by_name,100,,,36612088.0,ns,481
bench_medium_complex_query,diesel_queryable_by_name,100,,,37617390.0,ns,494
bench_medium_complex_query,diesel_queryable_by_name,100,,,38152991.0,ns,507
bench_medium_complex_query,diesel_queryable_by_name,100,,,38980394.0,ns,520
bench_medium_complex_query,diesel_queryable_by_name,100,,,40647598.0,ns,533
bench_medium_complex_query,diesel_queryable_by_name,100,,,41684200.0,ns,546
bench_medium_complex_query,diesel_queryable_by_name,100,,,42643802.0,ns,559
bench_medium_complex_query,diesel_queryable_by_name,100,,,45042708.0,ns,572
bench_medium_complex_query,diesel_queryable_by_name,100,,,44829307.0,ns,585
bench_medium_complex_query,diesel_queryable_by_name,100,,,45901410.0,ns,598
bench_medium_complex_query,diesel_queryable_by_name,100,,,46506912.0,ns,611
bench_medium_complex_query,diesel_queryable_by_name,100,,,47697315.0,ns,624
bench_medium_complex_query,diesel_queryable_by_name,100,,,47926615.0,ns,637
bench_medium_complex_query,diesel_queryable_by_name,100,,,49515219.0,ns,650
bench_medium_complex_query,diesel_queryable_by_name,100,,,50500221.0,ns,663
bench_medium_complex_query,diesel_queryable_by_name,100,,,51589724.0,ns,676
bench_medium_complex_query,diesel_queryable_by_name,100,,,52539926.0,ns,689
bench_medium_complex_query,diesel_queryable_by_name,100,,,53603329.0,ns,702
bench_medium_complex_query,diesel_queryable_by_name,100,,,54470031.0,ns,715
bench_medium_complex_query,diesel_queryable_by_name,100,,,55395733.0,ns,728
bench_medium_complex_query,diesel_queryable_by_name,100,,,56780436.0,ns,741
bench_medium_complex_query,diesel_queryable_by_name,100,,,57443838.0,ns,754
bench_medium_complex_query,diesel_queryable_by_name,100,,,58362040.0,ns,767
bench_medium_complex_query,diesel_queryable_by_name,100,,,59295442.0,ns,780
bench_medium_complex_query,diesel_queryable_by_name,100,,,60480345.0,ns,793
bench_medium_complex_query,diesel_queryable_by_name,100,,,61272647.0,ns,806
bench_medium_complex_query,diesel_queryable_by_name,100,,,62345549.0,ns,819
bench_medium_complex_query,diesel_queryable_by_name,100,,,62741051.0,ns,832
bench_medium_complex_query,diesel_queryable_by_name,100,,,64314355.0,ns,845
bench_medium_complex_query,diesel_queryable_by_name,100,,,65616857.0,ns,858
bench_medium_complex_query,diesel_queryable_by_name,100,,,65575157.0,ns,871
bench_medium_complex_query,diesel_queryable_by_name,100,,,66715760.0,ns,884
bench_medium_complex_query,diesel_queryable_by_name,100,,,68427764.0,ns,897
bench_medium_complex_query,diesel_queryable_by_name,100,,,68549665.0,ns,910
bench_medium_complex_query,diesel_queryable_by_name,100,,,70235869.0,ns,923
bench_medium_complex_query,diesel_queryable_by_name,100,,,71141071.0,ns,936
bench_medium_complex_query,diesel_queryable_by_name,100,,,72191274.0,ns,949
bench_medium_complex_query,diesel_queryable_by_name,100,,,73625277.0,ns,962
bench_medium_complex_query,diesel_queryable_by_name,100,,,74451079.0,ns,975
bench_medium_complex_query,diesel_queryable_by_name,100,,,74119177.0,ns,988
bench_medium_complex_query,diesel_queryable_by_name,100,,,76295483.0,ns,1001
bench_medium_complex_query,diesel_queryable_by_name,100,,,77235286.0,ns,1014
bench_medium_complex_query,diesel_queryable_by_name,100,,,78348289.0,ns,1027
bench_medium_complex_query,diesel_queryable_by_name,100,,,80673594.0,ns,1040
bench_medium_complex_query,diesel_queryable_by_name,100,,,80691393.0,ns,1053
bench_medium_complex_query,diesel_queryable_by_name,100,,,81492496.0,ns,1066
bench_medium_complex_query,diesel_queryable_by_name,100,,,82097597.0,ns,1079
bench_medium_complex_query,diesel_queryable_by_name,100,,,82922299.0,ns,1092
bench_medium_complex_query,diesel_queryable_by_name,100,,,84378303.0,ns,1105
bench_medium_complex_query,diesel_queryable_by_name,100,,,85283904.0,ns,1118
bench_medium_complex_query,diesel_queryable_by_name,100,,,86127207.0,ns,1131
bench_medium_complex_query,diesel_queryable_by_name,100,,,87089909.0,ns,1144
bench_medium_complex_query,diesel_queryable_by_name,100,,,87986111.0,ns,1157
bench_medium_complex_query,diesel_queryable_by_name,100,,,90402017.0,ns,1170
bench_medium_complex_query,diesel_queryable_by_name,100,,,90690017.0,ns,1183
bench_medium_complex_query,diesel_queryable_by_name,100,,,91690720.0,ns,1196
bench_medium_complex_query,diesel_queryable_by_name,100,,,92079321.0,ns,1209
bench_medium_complex_query,diesel_queryable_by_name,100,,,92976423.0,ns,1222
bench_medium_complex_query,diesel_queryable_by_name,100,,,94225826.0,ns,1235
bench_medium_complex_query,diesel_queryable_by_name,100,,,95266429.0,ns,1248
bench_medium_complex_query,diesel_queryable_by_name,100,,,96079031.0,ns,1261
bench_medium_complex_query,diesel_queryable_by_name,100,,,97188533.0,ns,1274
bench_medium_complex_query,diesel_queryable_by_name,100,,,98435636.0,ns,1287
bench_medium_complex_query,diesel_queryable_by_name,100,,,99025538.0,ns,1300
