group,function,value,throughput_num,throughput_type,sample_measured_value,unit,iteration_count
bench_trivial_query,diesel_queryable_by_name,1000,,,1216420.0,ns,5
bench_trivial_query,diesel_queryable_by_name,1000,,,2338853.0,ns,10
bench_trivial_query,diesel_queryable_by_name,1000,,,3580039.0,ns,15
bench_trivial_query,diesel_queryable_by_name,1000,,,4642250.0,ns,20
bench_trivial_query,diesel_queryable_by_name,1000,,,5826230.0,ns,25
bench_trivial_query,diesel_queryable_by_name,1000,,,6968049.0,ns,30
bench_trivial_query,diesel_queryable_by_name,1000,,,8295496.0,ns,35
bench_trivial_query,diesel_queryable_by_name,1000,,,9261518.0,ns,40
bench_trivial_query,diesel_queryable_by_name,1000,,,10413708.0,ns,45
bench_trivial_query,diesel_queryable_by_name,1000,,,11605341.0,ns,50
bench_trivial_query,diesel_queryable_by_name,1000,,,12738906.0,ns,55
bench_trivial_query,diesel_queryable_by_name,1000,,,14083605.0,ns,60
bench_trivial_query,diesel_queryable_by_name,1000,,,15273735.0,ns,65
bench_trivial_query,diesel_queryable_by_name,1000,,,16258863.0,ns,70
bench_trivial_query,diesel_queryable_by_name,1000,,,17397667.0,ns,75
bench_trivial_query,diesel_queryable_by_name,1000,,,18528968.0,ns,80
bench_trivial_query,diesel_queryable_by_name,1000,,,19807584.0,ns,85
bench_trivial_query,diesel_queryable_by_name,1000,,,20889511.0,ns,90
bench_trivial_query,diesel_queryable_by_name,1000,,,22273574.0,ns,95
bench_trivial_query,diesel_queryable_by_name,1000,,,23102631.0,ns,100
bench_trivial_query,diesel_queryable_by_name,1000,,,24305084.0,ns,105
bench_trivial_query,diesel_queryable_by_name,1000,,,25476079.0,ns,110
bench_trivial_query,diesel_queryable_by_name,1000,,,26629150.0,ns,115
bench_trivial_query,diesel_queryable_by_name,1000,,,27762855.0,ns,120
bench_trivial_query,diesel_queryable_by_name,1000,,,28833653.0,ns,125
bench_trivial_query,diesel_queryable_by_name,1000,,,31008940.0,ns,130
bench_trivial_query,diesel_queryable_by_name,1000,,,31186191.0,ns,135
bench_trivial_query,diesel_queryable_by_name,1000,,,32459848.0,ns,140
bench_trivial_query,diesel_queryable_by_name,1000,,,33511440.0,ns,145
bench_trivial_query,diesel_queryable_by_name,1000,,,34786098.0,ns,150
bench_trivial_query,diesel_queryable_by_name,1000,,,35683081.0,ns,155
bench_trivial_query,diesel_queryable_by_name,1000,,,36893549.0,ns,160
bench_trivial_query,diesel_queryable_by_name,1000,,,38068922.0,ns,165
bench_trivial_query,diesel_queryable_by_name,1000,,,39700456.0,ns,170
bench_trivial_query,diesel_queryable_by_name,1000,,,40467126.0,ns,175
bench_trivial_query,diesel_queryable_by_name,1000,,,41613585.0,ns,180
bench_trivial_query,diesel_queryable_by_name,1000,,,42740467.0,ns,185
bench_trivial_query,diesel_queryable_by_name,1000,,,43976954.0,ns,190
bench_trivial_query,diesel_queryable_by_name,1000,,,45185589.0,ns,195
bench_trivial_query,diesel_queryable_by_name,1000,,,46376672.0,ns,200
bench_trivial_query,diesel_queryable_by_name,1000,,,47541644.0,ns,205
bench_trivial_query,diesel_queryable_by_name,1000,,,48536611.0,ns,210
bench_trivial_query,diesel_queryable_by_name,1000,,,49755895.0,ns,215
bench_trivial_query,diesel_queryable_by_name,1000,,,50990849.0,ns,220
bench_trivial_query,diesel_queryable_by_name,1000,,,52234340.0,ns,225
bench_trivial_query,diesel_queryable_by_name,1000,,,53162341.0,ns,230
bench_trivial_query,diesel_queryable_by_name,1000,,,54304471.0,ns,235
bench_trivial_query,diesel_queryable_by_name,1000,,,55378024.0,ns,240
bench_trivial_query,diesel_queryable_by_name,1000,,,56843668.0,ns,245
bench_trivial_query,diesel_queryable_by_name,1000,,,57827985.0,ns,250
bench_trivial_query,diesel_queryable_by_name,1000,,,59075042.0,ns,255
bench_trivial_query,diesel_queryable_by_name,1000,,,60217072.0,ns,260
bench_trivial_query,diesel_queryable_by_name,1000,,,61214990.0,ns,265
bench_trivial_query,diesel_queryable_by_name,1000,,,62439278.0,ns,270
bench_trivial_query,diesel_queryable_by_name,1000,,,63743953.0,ns,275
bench_trivial_query,diesel_queryable_by_name,1000,,,65463821.0,ns,280
bench_trivial_query,diesel_queryable_by_name,1000,,,65940020.0,ns,285
bench_trivial_query,diesel_queryable_by_name,1000,,,67176436.0,ns,290
bench_trivial_query,diesel_queryable_by_name,1000,,,68248717.0,ns,295
bench_trivial_query,diesel_queryable_by_name,1000,,,69986399.0,ns,300
bench_trivial_query,diesel_queryable_by_name,1000,,,70808564.0,ns,305
bench_trivial_query,diesel_queryable_by_name,1000,,,71831392.0,ns,310
bench_trivial_query,diesel_queryable_by_name,1000,,,73518129.0,ns,315
bench_trivial_query,diesel_queryable_by_name,1000,,,74462551.0,ns,320
bench_trivial_query,diesel_queryable_by_name,1000,,,75926843.0,ns,325
bench_trivial_query,diesel_queryable_by_name,1000,,,76508879.0,ns,330
bench_trivial_query,diesel_queryable_by_name,1000,,,78013606.0,ns,335
bench_trivial_query,diesel_queryable_by_name,1000,,,78816996.0,ns,340
bench_trivial_query,diesel_queryable_by_name,1000,,,80054084.0,ns,345
bench_trivial_query,diesel_queryable_by_name,1000,,,81582626.0,ns,350
bench_trivial_query,diesel_queryable_by_name,1000,,,81964629.0,ns,355
bench_trivial_query,diesel_queryable_by_name,1000,,,83257972.0,ns,360
bench_trivial_query,diesel_queryable_by_name,1000,,,84763451.0,ns,365
bench_trivial_query,diesel_queryable_by_name,1000,,,85733520.0,ns,370
bench_trivial_query,diesel_queryable_by_name,1000,,,87256682.0,ns,375
bench_trivial_query,diesel_queryable_by_name,1000,,,88346034.0,ns,380
bench_trivial_query,diesel_queryable_by_name,1000,,,89094230.0,ns,385
bench_trivial_query,diesel_queryable_by_name,1000,,,90028103.0,ns,390
bench_trivial_query,diesel_queryable_by_name,1000,,,91712246.0,ns,395
bench_trivial_query,diesel_queryable_by_name,1000,,,92497361.0,ns,400
bench_trivial_query,diesel_queryable_by_name,1000,,,93349279.0,ns,405
bench_trivial_query,diesel_queryable_by_name,1000,,,95025006.0,ns,410
bench_trivial_query,diesel_queryable_by_name,1000,,,96334750.0,ns,415
bench_trivial_query,diesel_queryable_by_name,1000,,,98072743.0,ns,420
bench_trivial_query,diesel_queryable_by_name,1000,,,98780704.0,ns,425
bench_trivial_query,diesel_queryable_by_name,1000,,,99812569.0,ns,430
bench_trivial_query,diesel_queryable_by_name,1000,,,100685678.0,ns,435
bench_trivial_query,diesel_queryable_by_name,1000,,,102543444.0,ns,440
bench_trivial_query,diesel_queryable_by_name,1000,,,103914533.0,ns,445
bench_trivial_query,diesel_queryable_by_name,1000,,,104415587.0,ns,450
bench_trivial_query,diesel_queryable_by_name,1000,,,105481165.0,ns,455
bench_trivial_query,diesel_queryable_by_name,1000,,,106759741.0,ns,460
bench_trivial_query,diesel_queryable_by_name,1000,,,107979937.0,ns,465
bench_trivial_query,diesel_queryable_by_name,1000,,,108514755.0,ns,470
bench_trivial_query,diesel_queryable_by_name,1000,,,110435830.0,ns,475
bench_trivial_query,diesel_queryable_by_name,1000,,,112106256.0,ns,480
bench_trivial_query,diesel_queryable_by_name,1000,,,112404182.0,ns,485
bench_trivial_query,diesel_queryable_by_name,1000,,,113618758.0,ns,490
bench_trivial_query,diesel_queryable_by_name,1000,,,118506117.0,ns,495
bench_trivial_query,diesel_queryable_by_name,1000,,,115848248.0,ns,500
